#t	dod	  0.00000000000000	  0.00000000000000
  0.01111625752663	  0.06263919087088
  0.02223251505327	  0.05360466107135
  0.03334877257990	  0.08462832748896
  0.04446503010653	  0.22257944613382
  0.05558128763316	  0.24332271428655
  0.06669754515980	  0.23516863541085
  0.07781380268643	  0.31384558233912
  0.08893006021306	  0.46256162958824
  0.10004631773969	  0.08340734541088
  0.11116257526633	 -0.16781281377059
  0.12227883279296	 -0.16781281377059
  0.13339509031959	 -0.16781281377059
  0.14451134784623	 -0.16781281377059
  0.15562760537286	 -0.16775640039449
  0.16674386289949	 -0.16759572824776
  0.17786012042612	 -0.16732142037423
  0.18897637795276	 -0.16706087555324
  0.20009263547939	 -0.16706087555324
  0.21120889300602	 -0.16706087555324
  0.22232515053265	 -0.16706087555324
  0.23344140805929	 -0.16706087555324
  0.24455766558592	 -0.16291872948781
  0.25567392311255	 -0.10969487219128
  0.26679018063918	  0.06629948530060
  0.27790643816582	  0.42108166748610
  0.28902269569245	  0.88538821907017
  0.30013895321908	  1.18379213420717
  0.31125521074572	  1.35032648472765
  0.32237146827235	  1.44901193960416
  0.33348772579898	  1.47597333341890
  0.34460398332561	  1.40046031341542
  0.35572024085225	  1.34215220053591
  0.36683649837888	  1.01306789334742
  0.37795275590551	  0.66845428129995
  0.38906901343214	  0.24405236644458
  0.40018527095878	 -0.14412367255225
  0.41130152848541	 -0.14412367255225
  0.42241778601204	 -0.14412367255225
  0.43353404353868	 -0.14412367255225
  0.44465030106531	 -0.01160142989504
  0.45576655859194	  0.35134015782659
  0.46688281611857	  0.56724713857648
  0.47799907364521	  0.60774895291861
  0.48911533117184	  0.52259681285110
  0.50023158869847	  0.38572708340572
  0.51134784622510	  0.12327556732868
  0.52246410375174	 -0.20969404336664
  0.53358036127837	 -0.20969404336664
  0.54469661880500	 -0.20969404336664
  0.55581287633164	 -0.20969395887843
  0.56692913385827	 -0.20969386605323
  0.57804539138490	  0.15263970881502
  0.58916164891153	  0.51684830873711
  0.60027790643817	  0.87983163159097
  0.61139416396480	  1.24361436793471
  0.62251042149143	  1.60687388219463
  0.63362667901806	  1.97047596545239
  0.64474293654470	  2.33385331092000
  0.65585919407133	  2.69737829945712
  0.66697545159796	  3.06080617486881
  0.67809170912459	  3.42429808239131
  0.68920796665123	  3.78774776282247
  0.70032422417786	  4.15122540087573
  0.71144048170449	  4.51468456381316
  0.72255673923113	  4.87815602315904
  0.73367299675776	  5.24161935194230
  0.74478925428439	  5.60508813365007
  0.75590551181102	  5.96855332019388
  0.76702176933766	  6.33202094911141
  0.77813802686429	  6.69548698494527
  0.78925428439092	  7.05895412969586
  0.80037054191755	  7.42242057127412
  0.81148679944419	  7.78588752709842
  0.82260305697082	  8.14935417805637
  0.83371931449745	  8.51282107627712
  0.84483557202409	  8.87628784913665
  0.85595182955072	  9.23975474862241
  0.86706808707735	  9.60322160420173
  0.87818434460398	  9.96668853157449
  0.88930060213062	 10.33015545226141
  0.90041685965725	 10.69362241969323
  0.91153311718388	 11.05708939757450
  0.92264937471051	 11.42055641071904
  0.93376563223715	 11.78402344227176
  0.94488188976378	 12.14749050382341
  0.95599814729041	 12.51095758752497
  0.96711440481704	 12.87442469882652
  0.97823066234368	 13.23789183407136
  0.98934691987031	 13.60135899584493
  1.00046317739694	 13.96482618245067
  1.01157943492358	 14.32829339513211
  1.02269569245021	 14.69176063311280
  1.03381194997684	 15.05522789700546
  1.04492820750347	 15.41869518646712
  1.05604446503011	 15.78216250181303
  1.06716072255674	 16.14562984290517
  1.07827698008337	 16.50909720991816
  1.08939323761000	 16.24582411800417
  1.10050949513664	 16.02011258689441
  1.11162575266327	 15.92929701058511
  1.12274201018990	 15.69732359852990
  1.13385826771654	 15.40560315062292
  1.14497452524317	 15.15558019399399
  1.15609078276980	 15.04808374784132
  1.16720704029643	 14.97220201637404
  1.17832329782307	 14.99901506533466
  1.18943955534970	 15.18036293676104
  1.20055581287633	 15.54344957526860
  1.21167207040296	 15.72692724390692
  1.22278832792960	 15.75156387774771
  1.23390458545623	 15.66924949350082
  1.24502084298286	 15.55304022241011
  1.25613710050950	 15.28364697575659
  1.26725335803613	 14.90081377306094
  1.27836961556276	 14.56759343749238
  1.28948587308939	 14.34648840300257
  1.30060213061603	 13.94420859154476
  1.31171838814266	 13.49580997514018
  1.32283464566929	 13.11431775971473
  1.33395090319592	 12.82988252267169
  1.34506716072256	 12.59390294424941
  1.35618341824919	 12.47143129463065
  1.36729967577582	 12.50726199237652
  1.37841593330245	 12.52531478028702
  1.38953219082909	 12.35799900308207
  1.40064844835572	 12.05451255335730
  1.41176470588235	 11.68308154169157
  1.42288096340899	 11.19258547831270
  1.43399722093562	 10.62832646462300
  1.44511347846225	 10.09778924355034
  1.45622973598888	  9.68880888565690
  1.46734599351552	  9.14380434180569
  1.47846225104215	  8.56106710179592
  1.48957850856878	  8.04521321263004
  1.50069476609541	  7.61688093145062
  1.51181102362205	  7.24486924812256
  1.52292728114868	  6.98648326010311
  1.53404353867531	  6.91058453528778
  1.54515979620195	  6.71407505150098
  1.55627605372858	  6.37592122481103
  1.56739231125521	  5.94735052925218
  1.57850856878184	  5.49455341242581
  1.58962482630848	  4.91142352284242
  1.60074108383511	  4.31851367057448
  1.61185734136174	  3.81426930748987
  1.62297359888837	  3.27121457570575
  1.63408985641501	  2.66611775821453
  1.64520611394164	  2.09863894895190
  1.65632237146827	  1.63605632353558
  1.66743862899491	  1.21779070691015
  1.67855488652154	  0.90739587409149
  1.68967114404817	  0.74979848503162
  1.70078740157480	  0.57573720756479
  1.71190365910144	  0.25823410804350
  1.72301991662807	 -0.16018585696162
  1.73413617415470	 -0.16011649473485
  1.74525243168133	 -0.15985128326627
  1.75636868920797	 -0.15955023148113
  1.76748494673460	 -0.15934713511919
  1.77860120426123	 -0.15920708705279
  1.78971746178786	 -0.15893773604105
  1.80083371931450	 -0.15866440941056
  1.81194997684113	 -0.15852953587221
  1.82306623436776	 -0.15852930951218
  1.83418249189440	 -0.15852922300811
  1.84529874942103	 -0.15852922300811
  1.85641500694766	 -0.07047025375532
  1.86753126447429	 -0.07046975980150
  1.87864752200093	 -0.07046975980150
  1.88976377952756	 -0.07046975980150
  1.90088003705419	 -0.07046975980150
  1.91199629458082	 -0.07026587916396
  1.92311255210746	 -0.07008929798563
  1.93422880963409	 -0.06997968318920
  1.94534506716072	 -0.06997968318920
  1.95646132468736	 -0.06982347982854
  1.96757758221399	 -0.06961824404073
  1.97869383974062	 -0.06961824404073
  1.98981009726725	 -0.06961824404073
  2.00092635479389	 -0.06961824404073
  2.01204261232052	 -0.00158760808909
  2.02315886984715	  0.25079592047544
  2.03427512737378	  0.53854631163077
  2.04539138490042	  0.63856102814240
  2.05650764242705	  0.59005824157675
  2.06762389995368	  0.46189871945383
  2.07874015748031	  0.24911573186749
  2.08985641500695	 -0.07315677387825
  2.10097267253358	 -0.07315656209504
  2.11208893006021	 -0.07315647053824
  2.12320518758685	 -0.07315647053824
  2.13432144511348	 -0.07315647053824
  2.14543770264011	 -0.07315647053824
  2.15655396016674	  0.28945108750726
  2.16767021769338	  0.65347853531323
  2.17878647522001	  1.01658004063184
  2.18990273274664	  1.38028482191845
  2.20101899027327	  1.74359553248055
  2.21213524779991	  2.10716382253953
  2.22325150532654	  2.47056347340440
  2.23436776285317	  2.83407371481760
  2.24548402037981	  3.19751137288902
  2.25660027790644	  3.56099680107567
  2.26771653543307	  3.92445080338304
  2.27883279295970	  4.28792557812604
  2.28994905048634	  4.65138666630093
  2.30106530801297	  5.01485685436809
  2.31218156553960	  5.37832104945870
  2.32329782306623	  5.74178926568383
  2.33441408059287	  6.10525484745919
  2.34553033811950	  6.46872222596860
  2.35664659564613	  6.83218844604714
  2.36776285317277	  7.19565548201111
  2.37887911069940	  7.55912201271121
  2.38999536822603	  7.92258892383846
  2.40111162575266	  8.28605562076308
  2.41222788327930	  8.64952250348506
  2.42334414080593	  9.01298930262072
  2.43446039833256	  9.37645620000062
  2.44557665585919	  9.73992307282897
  2.45669291338583	 10.10339000428384
  2.46780917091246	 10.46685693806853
  2.47892542843909	 10.83032391246642
  2.49004168596572	 11.19379090153667
  2.50115794349236	 11.55725792300768
  2.51227420101899	 11.92072496487754
  2.52339045854562	 12.28419203540988
  2.53450671607226	 12.64765912903869
  2.54562297359889	 13.01112624964633
  2.55673923112552	 13.37459339465360
  2.56785548865215	 13.73806056590496
  2.57897174617879	 14.10152776221382
  2.59008800370542	 14.46499498447264
  2.60120426123205	 14.82846223214695
  2.61232051875868	 15.19192950568270
  2.62343677628532	 15.55539680485206
  2.63455303381195	 15.91886412989085
  2.64566929133858	 16.28233148071599
  2.65678554886522	 16.64579885746419
  2.66790180639185	 16.40140322643463
  2.67901806391848	 16.25394556530708
  2.69013432144511	 16.07015483994810
  2.70125057897175	 15.79119400742753
  2.71236683649838	 15.51739965663800
  2.72348309402501	 15.34768876586510
  2.73459935155164	 15.25344843527198
  2.74571560907828	 15.23503630049233
  2.75683186660491	 15.35538809716560
  2.76794812413154	 15.65150095028225
  2.77906438165817	 15.90166557114405
  2.79018063918481	 15.98040978871230
  2.80129689671144	 15.92962715720654
  2.81241315423807	 15.81697399987717
  2.82352941176471	 15.59025745777620
  2.83464566929134	 15.22697859241884
  2.84576192681797	 14.87100899954707
  2.85687818434460	 14.66581929771366
  2.86799444187124	 14.31768411739083
  2.87911069939787	 13.88080921579448
  2.89022695692450	 13.46858548921804
  2.90134321445113	 13.19345812868802
  2.91245947197777	 12.93763342096053
  2.92357572950440	 12.77203349930619
  2.93469198703103	 12.74993410648974
  2.94580824455767	 12.87045049459032
  2.95692450208430	 12.77775518686961
  2.96804075961093	 12.52598549709569
  2.97915701713756	 12.17761664491507
  2.99027327466420	 11.74833096843924
  3.00138953219083	 11.20403946007745
  3.01250578971746	 10.65027880464581
  3.02362204724409	 10.19129511999236
  3.03473830477073	  9.69262477303961
  3.04585456229736	  9.11431516097614
  3.05697081982399	  8.56133165047267
  3.06808707735063	  8.13270870142481
  3.07920333487726	  7.73224997455868
  3.09031959240389	  7.42414124921288
  3.10143584993052	  7.25363196248694
  3.11255210745716	  7.12716699904091
  3.12366836498379	  6.84528239102920
  3.13478462251042	  6.44829576232334
  3.14590088003705	  5.99818714675613
  3.15701713756369	  5.44883387886072
  3.16813339509032	  4.84835511570303
  3.17924965261695	  4.29634256576963
  3.19036591014358	  3.83880878436577
  3.20148216767022	  3.24905085983715
  3.21259842519685	  2.65413549072142
  3.22371468272348	  2.15316990759106
  3.23483094025012	  1.70799198091992
  3.24594719777675	  1.34542116102895
  3.25706345530338	  1.11909920137624
  3.26817971283001	  1.02666821280846
  3.27929597035665	  0.76359577069464
  3.29041222788328	  0.37871413759877
  3.30152848540991	 -0.07056406278415
  3.31264474293654	 -0.07038501178046
  3.32376100046318	 -0.07008993285396
  3.33487725798981	 -0.06978773230028
  3.34599351551644	 -0.06972550137156
  3.35710977304308	 -0.06948120134906
  3.36822603056971	 -0.06916292063026
  3.37934228809634	 -0.06895232166297
  3.39045854562297	 -0.06888818209472
  3.40157480314961	 -0.06888818209472
  3.41269106067624	 -0.06888811209263
  3.42380731820287	 -0.06888811209263
  3.43492357572950	 -0.06196330360036
  3.44603983325614	 -0.06196330360036
  3.45715609078277	 -0.06196330360036
  3.46827234830940	 -0.06196322002587
  3.47938860583603	 -0.06180711049130
  3.49050486336267	 -0.06161400299070
  3.50162112088930	 -0.06143903617243
  3.51273737841593	 -0.06143903617243
  3.52385363594257	 -0.06143903617243
  3.53496989346920	 -0.06128281158643
  3.54608615099583	 -0.06128281158643
  3.55720240852246	 -0.06128281158643
  3.56831866604910	 -0.06128256491514
  3.57943492357573	 -0.05096136789304
  3.59055118110236	  0.12907367166050
  3.60166743862899	  0.49233159289466
  3.61278369615563	  0.65821807462872
  3.62389995368226	  0.65919550863746
  3.63501621120889	  0.55075108718916
  3.64613246873553	  0.41102668213687
  3.65724872626216	  0.11478328526117
  3.66836498378879	 -0.22323379149449
  3.67948124131542	 -0.22323379149449
  3.69059749884206	 -0.22323379149449
  3.70171375636869	 -0.22323371760534
  3.71283001389532	 -0.22323371760534
  3.72394627142195	 -0.22323339054731
  3.73506252894859	  0.13934673218789
  3.74617878647522	  0.50339238112415
  3.75729504400185	  0.86648192296179
  3.76841130152849	  1.23019462087787
  3.77952755905512	  1.59350008596488
  3.79064381658175	  1.95707184303445
  3.80176007410838	  2.32046917710568
  3.81287633163502	  2.68398094255281
  3.82399258916165	  3.04741756724948
  3.83510884668828	  3.41090366884834
  3.84622510421491	  3.77435720412029
  3.85734136174155	  4.13783227499052
  3.86845761926818	  4.50129314763882
  3.87957387679481	  4.86476346371105
  3.89069013432144	  5.22822755571620
  3.90180639184808	  5.59169582450335
  3.91292264937471	  5.95516135378913
  3.92403890690134	  6.31862875076857
  3.93515516442798	  6.68209494126283
  3.94627142195461	  7.04556198018063
  3.95738767948124	  7.40902849172035
  3.96850393700787	  7.77249539868532
  3.97962019453451	  8.13596208121079
  3.99073645206114	  8.49942895647724
  4.00185270958777	  8.86289574338984
  4.01296896711441	  9.22636263177122
  4.02408522464104	  9.58982949336539
  4.03520148216767	  9.95329641508464
  4.04631773969430	 10.31676333807577
  4.05743399722094	 10.68023030237390
  4.06855025474757	 11.04369728083668
  4.07966651227420	 11.40716429201718
  4.09078276980083	 11.77063132334691
  4.10189902732747	 12.13409838347892
  4.11301528485410	 12.49756546657920
  4.12413154238073	 12.86103257671454
  4.13524779990736	 13.22449971117863
  4.14636405743400	 13.58796687190345
  4.15748031496063	 13.95143405764199
  4.16859657248726	 14.31490126932832
  4.17971283001390	 14.67836850639914
  4.19082908754053	 15.04183576932024
  4.20194534506716	 15.40530305784999
  4.21306160259379	 15.76877037223371
  4.22417786012043	 16.13223771238167
  4.23529411764706	 16.49570507843511
  4.24641037517369	 16.30843801086419
  4.25752663270032	 16.17948493802961
  4.26864289022696	 15.92798616785450
  4.27975914775359	 15.64270485110001
  4.29087540528022	 15.42702736429028
  4.30199166280685	 15.32380070502912
  4.31310792033349	 15.27137287517833
  4.32422417786012	 15.33647711593633
  4.33534043538675	 15.56551185300183
  4.34645669291339	 15.88411457219017
  4.35757295044002	 16.02295937405165
  4.36868920796665	 16.01281849476661
  4.37980546549328	 15.91467213767524
  4.39092172301992	 15.74423404884118
  4.40203798054655	 15.45270970884710
  4.41315423807318	 15.08980499379476
  4.42427049559982	 14.80232803484971
  4.43538675312645	 14.52272413690564
  4.44650301065308	 14.11437476215731
  4.45761926817971	 13.68683077700396
  4.46873552570635	 13.35044197773842
  4.47985178323298	 13.08516465712749
  4.49096804075961	 12.88458268646595
  4.50208429828624	 12.81004079618516
  4.51320055581288	 12.89933973793181
  4.52431681333951	 12.88666029128081
  4.53543307086614	 12.69690267749029
  4.54654932839277	 12.38317628355661
  4.55766558591941	 12.01642874051029
  4.56878184344604	 11.50897025202207
  4.57989810097267	 10.94857681672329
  4.59101435849931	 10.44327837198465
  4.60213061602594	 10.04150478849198
  4.61324687355257	  9.48517057371199
  4.62436313107920	  8.91076764131855
  4.63547938860584	  8.42203232373700
  4.64659564613247	  8.00357518731158
  4.65771190365910	  7.65336619215010
  4.66882816118573	  7.42538465790178
  4.67994441871237	  7.35528447109364
  4.69106067623900	  7.13700040792626
  4.70217693376563	  6.78271388064718
  4.71329319129226	  6.34761123353556
  4.72440944881890	  5.84809234581505
  4.73552570634553	  5.25755282848498
  4.74664196387216	  4.67361757659886
  4.75775822139880	  4.21636730153196
  4.76887447892543	  3.65850185684763
  4.77999073645206	  3.05375165781452
  4.79110699397869	  2.50257069577925
  4.80222325150533	  2.04270010710248
  4.81333950903196	  1.63778168315714
  4.82445576655859	  1.34844080050300
  4.83557202408522	  1.25144661596155
  4.84668828161186	  1.04756659922344
  4.85780453913849	  0.70592030116843
  4.86892079666512	  0.27414049320094
  4.88003705419176	 -0.18142564725007
  4.89115331171839	 -0.18118639995606
  4.90226956924502	 -0.18090131390074
  4.91338582677165	 -0.18073655247492
  4.92450208429829	 -0.18056759908941
  4.93561834182492	 -0.18026707206512
  4.94673459935155	 -0.17995180938681
  4.95785085687818	 -0.17990345559946
  4.96896711440482	 -0.17990345559946
  4.98008337193145	 -0.17990345559946
  4.99119962945808	 -0.17990345559946
  5.00231588698471	 -0.10396121722835
  5.01343214451135	 -0.10396113733364
  5.02454840203798	 -0.10396113733364
  5.03566465956461	 -0.10396113733364
  5.04678091709125	 -0.10396113733364
  5.05789717461788	 -0.10378469774368
  5.06901343214451	 -0.10360588773881
  5.08012968967114	 -0.10360588773881
  5.09124594719778	 -0.10360588773881
  5.10236220472441	 -0.10344685605226
  5.11347846225104	 -0.10323846700638
  5.12459471977767	 -0.10323846700638
  5.13571097730431	 -0.10323825716246
  5.14682723483094	 -0.10323825716246
  5.15794349235757	  0.00858254391998
  5.16905974988421	  0.31268273410869
  5.18017600741084	  0.54892498682121
  5.19129226493747	  0.60471125540206
  5.20240852246410	  0.52645939945396
  5.21352477999074	  0.38775433358022
  5.22464103751737	  0.13190463826666
  5.23575729504400	 -0.20623002198726
  5.24687355257063	 -0.20623002198726
  5.25798981009727	 -0.20623002198726
  5.26910606762390	 -0.20623002198726
  5.28022232515053	 -0.20623002198726
  5.29133858267717	 -0.20623002198726
  5.30245484020380	 -0.20623002198726
  5.31357109773043	  0.15618444135608
  5.32468735525706	  0.52033972712354
  5.33580361278370	  0.88335765995876
  5.34691987031033	  1.24711765433700
  5.35803612783696	  1.61039202903493
  5.36915238536359	  1.97398434331587
  5.38026864289023	  2.33736810169603
  5.39138490041686	  2.70088886611506
  5.40250115794349	  3.06431952536553
  5.41361741547012	  3.42780959432122
  5.42473367299676	  3.79126049099457
  5.43584993052339	  4.15473732347720
  5.44696618805002	  4.51819702140624
  5.45808244557666	  4.88166812544245
  5.46919870310329	  5.24513169123682
  5.48031496062992	  5.60860031521956
  5.49143121815655	  5.97206560755955
  5.50254747568319	  6.33553316605236
  5.51366373320982	  6.69899924950594
  5.52477999073645	  7.06246636267116
  5.53589624826308	  7.42593282589826
  5.54701250578972	  7.78939976753549
  5.55812876331635	  8.15286642846987
  5.56924502084298	  8.51633332034996
  5.58036127836962	  8.87980009790528
  5.59147753589625	  9.24326699461235
  5.60259379342288	  9.60673385248350
  5.61371005094951	  9.97020077870489
  5.62482630847615	 10.33366770058291
  5.63594256600278	 10.69713466761143
  5.64705882352941	 11.06060164617716
  5.65817508105604	 11.42406865926445
  5.66929133858268	 11.78753569126748
  5.68040759610931	 12.15100275292300
  5.69152385363594	 12.51446983696637
  5.70264011116257	 12.87793694844741
  5.71375636868921	 13.24140408398386
  5.72487262621584	 13.60487124597283
  5.73598888374247	 13.96833843284705
  5.74710514126911	 14.33180564576122
  5.75822139879574	 14.69527288399999
  5.76933765632237	 15.05874014813403
  5.78045391384900	 15.42220743784934
  5.79157017137564	 15.78567475344127
  5.80268642890227	 16.14914209478546
  5.81380268642890	 16.51260946204707
  5.82491894395553	 16.43085196005879
  5.83603520148217	 16.21589045302457
  5.84715145900880	 15.93496435565595
  5.85826771653543	 15.68525335914947
  5.86938397406207	 15.58407463457984
  5.88050023158870	 15.50665389864750
  5.89161648911533	 15.52418117497010
  5.90273274664196	 15.68966753718586
  5.91384900416860	 16.05272339445764
  5.92496526169523	 16.25597492240436
  5.93608151922186	 16.29686727509319
  5.94719777674849	 16.22385484302945
  5.95831403427513	 16.10758554798433
  5.96943029180176	 15.84971356832004
  5.98054654932839	 15.53532680759065
  5.99166280685503	 15.21664063156470
  6.00277906438166	 15.02298516716297
  6.01389532190829	 14.66009393426786
  6.02501157943492	 14.23421957648717
  6.03612783696156	 13.85910616136279
  6.04724409448819	 13.59651155129093
  6.05836035201482	 13.37071068569554
  6.06947660954145	 13.24950304987728
  6.08059286706809	 13.28252039017446
  6.09170912459472	 13.35636310123824
  6.10282538212135	 13.23786603572305
  6.11394163964798	 12.97082537683150
  6.12505789717462	 12.62125507089088
  6.13617415470125	 12.16768618734272
  6.14729041222788	 11.61895926364747
  6.15840666975452	 11.08281773447216
  6.16952292728115	 10.68742702246797
  6.18063918480778	 10.17049067412355
  6.19175544233441	  9.59266268815181
  6.20287169986105	  9.06033037604946
  6.21398795738768	  8.63648686049137
  6.22510421491431	  8.25378513976232
  6.23622047244094	  7.97371793169744
  6.24733672996758	  7.83697545234057
  6.25845298749421	  7.68798901701823
  6.26956924502084	  7.38706883157756
  6.28068550254748	  6.97945116901898
  6.29180176007411	  6.52954884442572
  6.30291801760074	  5.96679380011595
  6.31403427512737	  5.36865658215513
  6.32515053265401	  4.83468028501362
  6.33626679018064	  4.32492192896779
  6.34738304770727	  3.72886573262556
  6.35849930523390	  3.14401713311219
  6.36961556276054	  2.68277185408367
  6.38073182028717	  2.24710859002732
  6.39184807781380	  1.90287180514577
  6.40296433534044	  1.70020346154606
  6.41408059286707	  1.55865091603108
  6.42519685039370	  1.26890684744328
  6.43631310792033	  0.86635833076532
  6.44742936544697	  0.41123884533825
  6.45854562297360	 -0.14302783604002
  6.46966188050023	 -0.14273964012030
  6.48077813802686	 -0.14249568035072
  6.49189439555350	 -0.14243166525967
  6.50301065308013	 -0.14212092841978
  6.51412691060676	 -0.14181772208166
  6.52524316813339	 -0.14164647122941
  6.53635942566003	 -0.14158651394944
  6.54747568318666	 -0.14158643039011
  6.55859194071329	 -0.14158643039011
  6.56970819823993	 -0.13080691833336
  6.58082445576656	 -0.13080691833336
  6.59194071329319	 -0.13080652435503
  6.60305697081982	 -0.13080640310833
  6.61417322834646	 -0.13080640310833
  6.62528948587309	 -0.13065848966294
  6.63640574339972	 -0.13044519898871
  6.64752200092635	 -0.13029730625399
  6.65863825845299	 -0.13029730625399
  6.66975451597962	 -0.13029730625399
  6.68087077350625	 -0.13012814912163
  6.69198703103289	 -0.13012814912163
  6.70310328855952	 -0.13012807697039
  6.71421954608615	 -0.13012807697039
  6.72533580361278	 -0.08078158246700
  6.73645206113942	  0.14884368933596
  6.74756831866605	  0.45879799330314
  6.75868457619268	  0.57690671387135
  6.76980083371931	  0.53912084333412
  6.78091709124595	  0.41276476455150
  6.79203334877258	  0.21173263897535
  6.80314960629921	 -0.11085909980500
  6.81426586382585	 -0.11085909980500
  6.82538212135248	 -0.11085901834981
  6.83649837887911	 -0.11085901834981
  6.84761463640574	 -0.11085901834981
  6.85873089393238	 -0.11085901834981
  6.86984715145901	 -0.11085901834981
  6.88096340898564	 -0.11085901834981
  6.89207966651227	  0.25168342277026
  6.90319592403891	  0.61575382597726
  6.91431218156554	  0.97882732739142
  6.92542843909217	  1.34255054637691
  6.93654469661880	  1.70584916170750
  6.94766095414544	  2.06942542168354
  6.95877721167207	  2.43281981867364
  6.96989346919870	  2.79633352796823
  6.98100972672534	  3.15976888874857
  6.99212598425197	  3.52325583542565
  7.00324224177860	  3.88670882580212
  7.01435849930523	  4.25018426924706
  7.02547475683187	  4.61364490785366
  7.03659101435850	  4.97711539165272
  7.04770727188513	  5.34057938486219
  7.05882352941176	  5.70404773199270
  7.06993978693840	  6.06751322172244
  7.08105604446503	  6.43098065778874
  7.09217230199166	  6.79444683485962
  7.10328855951829	  7.15791389551316
  7.11440481704493	  7.52138040524545
  7.12552107457156	  7.88484732623256
  7.13663733209819	  8.24831401215789
  7.14775358962483	  8.61178089800226
  7.15886984715146	  8.97524769067331
  7.16998610467809	  9.33871458809281
  7.18110236220472	  9.70218145652908
  7.19221861973136	 10.06564838660199
  7.20333487725799	 10.42911531694445
  7.21445113478462	 10.79258228929855
  7.22556739231126	 11.15604927536143
  7.23668364983789	 11.51951629447626
  7.24779990736452	 11.88298333353608
  7.25891616489115	 12.24645040156144
  7.27003242241779	 12.60991749246733
  7.28114867994442	 12.97338461049225
  7.29226493747105	 13.33685175281239
  7.30338119499768	 13.70031892144029
  7.31449745252432	 14.06378611507378
  7.32561371005095	 14.42725333468485
  7.33672996757758	 14.79072057968421
  7.34784622510421	 15.15418785055557
  7.35896248263085	 15.51765514704501
  7.37007874015748	 15.88112246940641
  7.38119499768411	 16.24458981754417
  7.39231125521075	 16.60805719160363
  7.40342751273738	 16.44369933011695
  7.41454377026401	 16.17794475461619
  7.42566002779064	 15.90905974850023
  7.43677628531728	 15.73349569418944
  7.44789254284391	 15.64101516086401
  7.45900880037054	 15.61643514997720
  7.47012505789717	 15.72357401967653
  7.48124131542381	 16.00152421671141
  7.49235757295044	 16.27140661289573
  7.50347383047707	 16.36804161144467
  7.51459008800370	 16.32949451918877
  7.52570634553034	 16.22063516449997
  7.53682260305697	 16.01019812469141
  7.54793886058360	 15.70371998953443
  7.55905511811024	 15.41034697858447
  7.57017137563687	 15.17541304831973
  7.58128763316350	 14.87218467933395
  7.59240389069013	 14.46495743487329
  7.60352014821677	 14.06536647956605
  7.61463640574340	 13.81738944503315
  7.62575266327003	 13.57640431132432
  7.63686892079667	 13.41555647010203
  7.64798517832330	 13.39214626657993
  7.65910143584993	 13.54037524630306
  7.67021769337656	 13.49999210112914
  7.68133395090320	 13.29009193483622
  7.69245020842983	 12.96970204945260
  7.70356646595646	 12.61186269735138
  7.71468272348309	 12.09217786206555
  7.72579898100973	 11.54120126367600
  7.73691523853636	 11.06659756536537
  7.74803149606299	 10.60481680027364
  7.75914775358962	 10.04110471799492
  7.77026401111626	  9.48003085285906
  7.78138026864289	  9.02280221689239
  7.79249652616952	  8.61760097041934
  7.80361278369616	  8.29216977627313
  7.81472904122279	  8.09697469107037
  7.82584529874942	  8.03324996262208
  7.83696155627605	  7.79395092760613
  7.84807781380269	  7.42516688011447
  7.85919407132932	  6.98579430013644
  7.87031032885595	  6.46697383832437
  7.88142658638258	  5.87210791572394
  7.89254284390922	  5.30012341027632
  7.90365910143585	  4.84320921549708
  7.91477535896248	  4.27300512122487
  7.92589161648911	  3.67166737048884
  7.93700787401575	  3.13921508695165
  7.94812413154238	  2.68438390803758
  7.95924038906901	  2.29460343556705
  7.97035664659565	  2.02742207449867
  7.98147290412228	  1.92771712960143
  7.99258916164891	  1.69571900256775
  8.00370541917554	  1.33275402550824
  8.01482167670218	  0.89049558991461
  8.02593793422881	  0.38784524736879
  8.03705419175544	 -0.21361241037813
  8.04817044928208	 -0.21335950260860
  8.05928670680871	 -0.21321631767593
  8.07040296433534	 -0.21300557811145
  8.08151922186197	 -0.21267839089781
  8.09263547938860	 -0.21242418784559
  8.10375173691524	 -0.21237257521348
  8.11486799444187	 -0.21237257521348
  8.12598425196850	 -0.21237257521348
  8.13710050949514	 -0.21237257521348
  8.14821676702177	 -0.19775197321442
  8.15933302454840	 -0.19775197321442
  8.17044928207503	 -0.19775197321442
  8.18156553960167	 -0.19775197321442
  8.19268179712830	 -0.19756948220513
  8.20379805465493	 -0.19735448262600
  8.21491431218156	 -0.19718392038627
  8.22603056970820	 -0.19718392038627
  8.23714682723483	 -0.19718392038627
  8.24826308476146	 -0.19703319587392
  8.25937934228810	 -0.19686767286425
  8.27049559981473	 -0.19686759431250
  8.28161185734136	 -0.19686759431250
  8.29272811486799	 -0.19686811375937
  8.30384437239463	 -0.03878502474948
  8.31496062992126	  0.32440531677533
  8.32607688744789	  0.51079836999007
  8.33719314497453	  0.52595096744305
  8.34830940250116	  0.42310498630834
  8.35942566002779	  0.27977694864812
  8.37054191755442	 -0.01176863789211
  8.38165817508106	 -0.01176863789211
  8.39277443260769	 -0.01176863789211
  8.40389069013432	 -0.01176863789211
  8.41500694766095	 -0.01176863789211
  8.42612320518759	 -0.01176863789211
  8.43723946271422	 -0.01176863789211
  8.44835572024085	 -0.01176863789211
  8.45947197776749	 -0.01176863789211
  8.47058823529412	  0.35068065054495
  8.48170449282075	  0.71481296317845
  8.49282075034738	  1.07784587164660
  8.50393700787401	  1.44159602490848
  8.51505326540065	  1.80487686845911
  8.52616952292728	  2.16846494039546
  8.53728578045391	  2.53185151191589
  8.54840203798055	  2.89537044153375
  8.55951829550718	  3.25880233613374
  8.57063455303381	  3.62229160833299
  8.58175081056044	  3.98574305504317
  8.59286706808708	  4.34921954367530
  8.60398332561371	  4.71267949219093
  8.61509958314034	  5.07615045092868
  8.62621584066697	  5.43961413560889
  8.63733209819361	  5.80308270194985
  8.64844835572024	  6.16654805487235
  8.65956461324687	  6.53001559470388
  8.67068087077351	  6.89348171276668
  8.68179712830014	  7.25694882473869
  8.69291338582677	  7.62041531093998
  8.70402964335340	  7.98388225927912
  8.71514590088004	  8.34734893795532
  8.72626215840667	  8.71081584014337
  8.73737841593330	  9.07428263308674
  8.74849467345994	  9.43774954177330
  8.75961093098657	  9.80121641398154
  8.77072718851320	 10.16468335297582
  8.78184344603983	 10.52815028873341
  8.79295970356647	 10.89161726892719
  8.80407596109310	 11.25508426118701
  8.81519221861973	 11.61855128764781
  8.82630847614636	 11.98201833328493
  8.83742473367300	 12.34548540843728
  8.84854099119963	 12.70895250611297
  8.85965724872626	 13.07241963117483
  8.87077350625290	 13.43588678036905
  8.88188976377953	 13.79935395600463
  8.89300602130616	 14.16282115657498
  8.90412227883279	 14.52628838319312
  8.91523853635942	 14.88975563517250
  8.92635479388606	 15.25322291306408
  8.93747105141269	 15.61669021656755
  8.94858730893932	 15.98015754596885
  8.95970356646596	 16.34362490115027
  8.97081982399259	 16.70709228227251
  8.98193608151922	 16.47237514220303
  8.99305233904585	 16.19554380684844
  9.00416859657249	 15.97905277817998
  9.01528485409912	 15.88055704797178
  9.02640111162575	 15.82559244670373
  9.03751736915238	 15.88042677582297
  9.04863362667902	 16.09337154677252
  9.05974988420565	 16.45648318339406
  9.07086614173228	 16.61443462223927
  9.08198239925892	 16.62128343496931
  9.09309865678555	 16.53082066366049
  9.10421491431218	 16.41637148039835
  9.11533117183881	 16.13405578140954
  9.12644742936545	 15.82230608636973
  9.13756368689208	 15.59256370283525
  9.14867994441871	 15.36383200897060
  9.15979620194535	 14.99211082876558
  9.17091245947198	 14.58460695945002
  9.18202871699861	 14.25297570601807
  9.19314497452524	 14.00789355719371
  9.20426123205188	 13.81653399216508
  9.21537748957851	 13.74327357680983
  9.22649374710514	 13.83085934748702
  9.23761000463177	 13.87544746903574
  9.24872626215841	 13.73277317867397
  9.25984251968504	 13.45336226933074
  9.27095877721167	 13.10644339607687
  9.28207503473830	 12.63250490826326
  9.29319129226494	 12.08442191046016
  9.30430754979157	 11.57123007669472
  9.31542380731820	 11.18100594343870
  9.32654006484484	 10.64910500982484
  9.33765632237147	 10.07634942516088
  9.34877257989810	  9.56902559954737
  9.35988883742473	  9.15305115122353
  9.37100509495137	  8.79102668672600
  9.38212135247800	  8.54150615538011
  9.39323761000463	  8.44015477337749
  9.40435386753127	  8.26877769268897
  9.41547012505790	  7.94985264682058
  9.42658638258453	  7.53338334310612
  9.43770264011116	  7.08583241939060
  9.44881889763779	  6.51207270280454
  9.45993515516443	  5.91899560197267
  9.47105141269106	  5.40553980536272
  9.48216767021769	  4.87744229588297
  9.49328392774433	  4.27783587544405
  9.50440018527096	  3.70547316607320
  9.51551644279759	  3.24449647283648
  9.52663270032422	  2.81990928934579
  9.53774895785086	  2.49533279413839
  9.54886521537749	  2.31660778850718
  9.55998147290412	  2.14616695727550
  9.57109773043075	  1.83199799725019
  9.58221398795739	  1.41443515528059
  9.59333024548402	  0.95622775244791
  9.60444650301065	  0.38427775110083
  9.61556276053729	 -0.22871877961716
  9.62667901806392	 -0.22850885691485
  9.63779527559055	 -0.22836839517741
  9.64891153311718	 -0.22810521176418
  9.66002779064382	 -0.22782647492529
  9.67114404817045	 -0.22768248373555
  9.68226030569708	 -0.22762181527010
  9.69337656322372	 -0.22762181527010
  9.70449282075035	 -0.22762181527010
  9.71560907827698	 -0.17729675507609
  9.72672533580361	 -0.17729631430752
  9.73784159333024	 -0.17729631430752
  9.74895785085688	 -0.17729617606303
  9.76007410838351	 -0.17729587742547
  9.77119036591014	 -0.17711225526434
  9.78230662343678	 -0.17688770060521
  9.79342288096341	 -0.17671197979899
  9.80453913849004	 -0.17671197979899
  9.81565539601667	 -0.17652834299256
  9.82677165354331	 -0.17635401004042
  9.83788791106994	 -0.17635401004042
  9.84900416859657	 -0.17635401004042
  9.86012042612320	 -0.17635391812967
  9.87123668364984	 -0.08484570751922
  9.88235294117647	  0.19555850066168
  9.89346919870310	  0.45418840602121
  9.90458545622974	  0.52748962188914
  9.91570171375637	  0.45875652083473
  9.92681797128300	  0.32029889069113
  9.93793422880963	  0.07453897177008
  9.94905048633627	 -0.26598333955085
  9.96016674386290	 -0.26598333955085
  9.97128300138953	 -0.26598333955085
  9.98239925891617	 -0.26598333955085
  9.99351551644280	 -0.26598312708645
 10.00463177396943	 -0.26598312708645
 10.01574803149606	 -0.26598312708645
 10.02686428902270	 -0.26598312708645
 10.03798054654933	  0.09655614752398
 10.04909680407596	  0.46062865449471
 10.06021306160259	  0.82370074683067
 10.07132931912923	  1.18742489085425
 10.08244557665586	  1.55072287318074
 10.09356183418249	  1.91429954010721
 10.10467809170912	  2.27769364813086
 10.11579434923576	  2.64120753245789
 10.12691060676239	  3.00464275714244
 10.13802686428902	  3.36812977811402
 10.14914312181565	  3.73158270106898
 10.16025937934229	  4.09505817263228
 10.17137563686892	  4.45851877479092
 10.18249189439555	  4.82198926578573
 10.19360815192219	  5.18545323659374
 10.20472440944882	  5.54892158136904
 10.21584066697545	  5.91238705509495
 10.22695692450209	  6.27585448440907
 10.23807318202872	  6.63932064839567
 10.24918943955535	  7.00278770025051
 10.26030569708198	  7.36625419822697
 10.27142195460861	  7.72972110944702
 10.28253821213525	  8.09318778421289
 10.29365446966188	  8.45665465981909
 10.30477072718851	  8.82012144158838
 10.31588698471515	  9.18358832852903
 10.32700324224178	  9.54705518616375
 10.33811949976841	  9.91052210562436
 10.34923575729504	 10.27398902519186
 10.36035201482168	 10.63745598685028
 10.37146827234831	 11.00092296213018
 10.38258452987494	 11.36438997048938
 10.39370078740157	 11.72785699874181
 10.40481704492821	 12.09132405596248
 10.41593330245484	 12.45479113602876
 10.42704955998147	 12.81825824320504
 10.43816581750811	 13.18172537464953
 10.44928207503474	 13.54519253238714
 10.46039833256137	 13.90865971510704
 10.47151459008800	 14.27212692378710
 10.48263084761464	 14.63559415783394
 10.49374710514127	 14.99906141773400
 10.50486336266790	 15.36252870323144
 10.51597962019454	 15.72599601458129
 10.52709587772117	 16.08946335168709
 10.53821213524780	 16.45293071469472
 10.54932839277443	 16.25745184955266
 10.56044465030106	 15.98681764105000
 10.57156090782770	 15.74066846140960
 10.58267716535433	 15.64612191302235
 10.59379342288096	 15.56930313774591
 10.60490968040760	 15.57926611602947
 10.61602593793423	 15.73104023507473
 10.62714219546086	 16.09393952796941
 10.63825845298749	 16.31630742114506
 10.64937471051413	 16.37356938740999
 10.66049096804076	 16.31094557803268
 10.67160722556739	 16.19636378561253
 10.68272348309402	 15.95183795310197
 10.69383974062066	 15.63736426552355
 10.70495599814729	 15.36372898541408
 10.71607225567392	 15.24792957704288
 10.72718851320056	 14.92710984446623
 10.73830477072719	 14.52733794398574
 10.74942102825382	 14.16245210404739
 10.76053728578045	 13.92459464381438
 10.77165354330709	 13.71198036657796
 10.78276980083372	 13.59469420850223
 10.79388605836035	 13.62682542503289
 10.80500231588699	 13.78807729613861
 10.81611857341362	 13.72037512657542
 10.82723483094025	 13.49256713682568
 10.83835108846688	 13.16848283698988
 10.84946734599352	 12.75590193309776
 10.86058360352015	 12.22767356011042
 10.87169986104678	 11.69096171181433
 10.88281611857341	 11.25131933193030
 10.89393237610005	 10.76693989107453
 10.90504863362668	 10.19953069961628
 10.91616489115331	  9.65571840142094
 10.92728114867994	  9.24076899604708
 10.93839740620658	  8.85141118665696
 10.94951366373321	  8.55305620512037
 10.96062992125984	  8.39232390778240
 10.97174617878647	  8.29331874996135
 10.98286243631311	  8.03300970728978
 10.99397869383974	  7.65078828652178
 11.00509495136637	  7.20851254787521
 11.01621120889301	  6.67185480429334
 11.02732746641964	  6.07456998185913
 11.03844372394627	  5.51654040502837
 11.04955998147291	  5.06130566094161
 11.06067623899954	  4.48046777726066
 11.07179249652617	  3.88436275893306
 11.08290875405280	  3.37212154592581
 11.09402501157943	  2.92361716908487
 11.10514126910607	  2.54988797931726
 11.11625752663270	  2.30515672906806
 11.12737378415933	  2.20289216109895
 11.13849004168597	  1.94415038602453
 11.14960629921260	  1.56174689027628
 11.16072255673923	  1.11106856987043
 11.17183881426586	  0.58380560670654
 11.18295507179250	 -0.02504693804599
 11.19407132931913	 -0.02473049122410
 11.20518758684576	 -0.02466289001997
 11.21630384437239	 -0.02442011102370
 11.22742010189903	 -0.02409469079586
 11.23853635942566	 -0.02387282932907
 11.24965261695229	 -0.02381950662683
 11.26076887447893	 -0.02381920058609
 11.27188513200556	 -0.02381920058609
 11.28300138953219	 -0.02381879670143
 11.29411764705882	 -0.02381879670143
 11.30523390458546	 -0.02381879670143
 11.31635016211209	 -0.02381879670143
 11.32746641963872	 -0.02381879670143
 11.33858267716536	 -0.02367558048758
 11.34969893469199	 -0.02342798632417
 11.36081519221862	 -0.02326354463757
 11.37193144974525	 -0.02326342325410
 11.38304770727188	 -0.02312256743048
 11.39416396479852	 -0.02295084709459
 11.40528022232515	 -0.02283068792550
 11.41639647985178	 -0.02283068792550
 11.42751273737842	 -0.02283068792550
 11.43862899490505	 -0.02283068792550
 11.44974525243168	  0.18347981331037
 11.46086150995831	  0.54688532186099
 11.47197776748495	  0.68546732976064
 11.48309402501158	  0.66105988287468
 11.49421028253821	  0.53912152853298
 11.50532654006484	  0.35359737455868
 11.51644279759148	  0.03416343980825
 11.52755905511811	 -0.30950050926388
 11.53867531264474	 -0.30950050926388
 11.54979157017137	 -0.30950050926388
 11.56090782769801	 -0.30950041651969
 11.57202408522464	 -0.30950020137359
 11.58314034275127	 -0.30950020137359
 11.59425660027791	 -0.30950020137359
 11.60537285780454	 -0.30950020137359
 11.61648911533117	  0.05303037855029
 11.62760537285781	  0.41710866801020
 11.63872163038444	  0.78017695417581
 11.64983788791107	  1.14390362273733
 11.66095414543770	  1.50719992980364
 11.67207040296434	  1.87077770674314
 11.68318666049097	  2.23417107207149
 11.69430291801760	  2.59768544722304
 11.70541917554423	  2.96112033952507
 11.71653543307087	  3.32460757806625
 11.72765169059750	  3.68806035040196
 11.73876794812413	  4.05153591820700
 11.74988420565076	  4.41499645078647
 11.76100046317740	  4.77846698374682
 11.77211672070403	  5.14193092134793
 11.78323297823066	  5.50539928363985
 11.79434923575729	  5.86886474058839
 11.80546549328393	  6.23233217633047
 11.81658175081056	  6.59579833100541
 11.82769800833719	  6.95926538422424
 11.83881426586383	  7.32273187629913
 11.84993052339046	  7.68619878655367
 11.86104678091709	  8.04966545698142
 11.87216303844372	  8.41313233054144
 11.88327929597036	  8.77659910869014
 11.89439555349699	  9.14006599307764
 11.90551181102362	  9.50353284741955
 11.91662806855025	  9.86699976408500
 11.92774432607689	 10.23046668050699
 11.93886058360352	 11.17896476815097
 11.94997684113015	 12.13463909186820
 11.96109309865679	 13.08567546505140
 11.97220935618342	 14.03970093895052
 11.98332561371005	 14.99179306970724
 11.99444187123668	 15.94513634868011
 12.00555812876332	 16.89766902846227
 12.01667438628995	 17.85072853010931
 12.02779064381658	 18.80344616934883
 12.03890690134321	 19.75638720490665
 12.05002315886985	 20.70918324098542
 12.06113941639648	 22.05957232012624
 12.07225567392311	 23.41715540790814
 12.08337193144975	 24.77013568245822
 12.09448818897638	 25.53984002039738
 12.10560444650301	 26.30233866827613
 12.11672070402964	 27.06948290436615
 12.12783696155628	 27.24108969729557
 12.13895321908291	 27.39750765002162
 12.15006947660954	 27.63819883289332
 12.16118573413617	 27.96375244056998
 12.17230199166281	 28.34957710153180
 12.18341824918944	 28.85357554337073
 12.19453450671607	 29.51947561965515
 12.20565076424271	 30.21180763689976
 12.21676702176934	 30.73553376863226
 12.22788327929597	 30.72131537789675
 12.23899953682260	 30.62932726416530
 12.25011579434924	 30.45155417564017
 12.26123205187587	 30.16768305475532
 12.27234830940250	 29.88317909075307
 12.28346456692913	 29.70300703697351
 12.29458082445577	 29.51317423794776
 12.30569708198240	 29.15802002304624
 12.31681333950903	 28.79439744361217
 12.32792959703566	 28.52873741897039
 12.33904585456230	 28.32065678962835
 12.35016211208893	 28.18103319460295
 12.36127836961556	 28.16844763686443
 12.37239462714219	 28.34966700802896
 12.38351088466883	 28.37340111931720
 12.39462714219546	 28.22169914100230
 12.40574339972209	 27.94968048249646
 12.41685965724873	 27.62712492510278
 12.42797591477536	 27.15865032435908
 12.43909217230199	 26.63925459894055
 12.45020842982863	 26.17571586575987
 12.46132468735526	 25.81309534248969
 12.47244094488189	 25.29307355163781
 12.48355720240852	 24.75339820263213
 12.49467345993516	 24.29685325893789
 12.50578971746179	 23.91139666296623
 12.51690597498842	 23.59087282303700
 12.52802223251505	 23.38900631374455
 12.53913849004169	 23.35080312076637
 12.55025474756832	 23.17151707720962
 12.56137100509495	 22.85352570310109
 12.57248726262158	 22.45019423332776
 12.58360352014822	 21.98940554993084
 12.59471977767485	 21.43093958756813
 12.60583603520148	 20.86980409424513
 12.61695229272812	 20.40089358314007
 12.62806855025475	 19.87965659950331
 12.63918480778138	 19.30344908767196
 12.65030106530801	 18.76931600105854
 12.66141732283464	 18.33152249523708
 12.67253358036128	 17.93949742630275
 12.68364983788791	 17.65267324707607
 12.69476609541454	 17.51134289779200
 12.70588235294118	 17.32777316675948
 12.71699861046781	 17.00922521845968
 12.72811486799444	 16.59950256076906
 12.73923112552107	 16.16178761125498
 12.75034738304771	 15.60016269804449
 12.76146364057434	 15.01630326237290
 12.77257989810097	 14.51274003150842
 12.78369615562761	 14.01490901699675
 12.79481241315424	 13.43297775144347
 12.80592867068087	 12.86912307800771
 12.81704492820750	 12.45117177756900
 12.82816118573414	 12.06402502549875
 12.83927744326077	 11.78012590434414
 12.85039370078740	 11.65801250280612
 12.86150995831403	 11.70320655089760
 12.87262621584067	 11.56791486731260
 12.88374247336730	 11.29781376179047
 12.89485873089393	 10.95194447466344
 12.90597498842057	 10.54319963533782
 12.91709124594720	 10.02942926919154
 12.92820750347383	  9.52067837984530
 12.93932376100046	  9.13231194372099
 12.95044001852709	  8.74293475282690
 12.96155627605373	  8.26766162323586
 12.97267253358036	  7.82154005460624
 12.98378879110699	  7.51950456680471
 12.99490504863363	  7.30622556363945
 13.00602130616026	  7.20695718705975
 13.01713756368689	  7.28794754753991
 13.02825382121353	  7.65084098782014
 13.03937007874016	  7.86168742564426
 13.05048633626679	  7.89740057092263
 13.06160259379342	  7.80883657460815
 13.07271885132006	  7.67070599880437
 13.08383510884669	  7.39585681365132
 13.09495136637332	  7.05511476088326
 13.10606762389995	  6.76250514633312
 13.11718388142659	  6.63024916643846
 13.12830013895322	  6.36357288485493
 13.13941639647985	  6.03745283418374
 13.15053265400648	  5.76181243573716
 13.16164891153312	  5.64372372341046
 13.17276516905975	  5.56087184801521
 13.18388142658638	  5.58156353067554
 13.19499768411301	  5.94435809814717
 13.20611394163965	  6.30826342680913
 13.21723019916628	  6.67144488786507
 13.22834645669291	  7.03509789478386
 13.23946271421955	  7.39844304434805
 13.25057897174618	  7.76198936974041
 13.26169522927281	  8.12540405382287
 13.27281148679944	  8.48890504305519
 13.28392774432608	  8.85234942233324
 13.29504400185271	  9.21583105379847
 13.30616025937934	  9.57928819941925
 13.31727651690598	  9.94276153329070
 13.32839277443261	 10.30622421581873
 13.33950903195924	 10.66969398724816
 13.35062528948587	 11.03315910230886
 13.36174154701251	 11.39662735055806
 13.37285780453914	 11.76009355719419
 13.38397406206577	 12.12356116602493
 13.39509031959240	 12.48702788138830
 13.40620657711904	 12.85049523635047
 13.41732283464567	 13.21396220548886
 13.42843909217230	 13.57742947597223
 13.43955534969894	 13.94089658666272
 13.45067160722557	 14.30436384765677
 13.46178786475220	 14.66783105021876
 13.47290412227883	 15.03129833520856
 13.48402037980546	 15.39476560755426
 13.49513663733210	 15.75823293165153
 13.50625289485873	 16.12170026395107
 13.51736915238536	 16.48516763407798
 13.52848540991200	 16.84863502198485
 13.53960166743863	 17.21210244138856
 13.55071792496526	 17.57556988302593
 13.56183418249189	 17.93903735329371
 13.57295044001853	 18.30250484790481
 13.58406669754516	 18.66597236986952
 13.59518295507179	 19.02943991720894
 13.60629921259843	 19.39290749135902
 13.61741547012506	 19.75637509141642
 13.62853172765169	 20.11984271808213
 13.63964798517832	 20.48331037095626
 13.65076424270496	 20.84677805039531
 13.66188050023159	 21.21024575623614
 13.67299675775822	 21.57371348867296
 13.68411301528485	 21.93718124765442
 13.69522927281149	 22.30064903329843
 13.70634553033812	 22.04325383352359
 13.71746178786475	 21.83227959470587
 13.72857804539139	 21.74575742475591
 13.73969430291802	 21.69355480513301
 13.75081056044465	 21.74373440187450
 13.76192681797128	 21.94366634180689
 13.77304307549791	 22.30693898282976
 13.78415933302455	 22.48480963797259
 13.79527559055118	 22.51012842247910
 13.80639184807781	 22.43302885699946
 13.81750810560445	 22.32368994481006
 13.82862436313108	 22.05879732210497
 13.83974062065771	 21.75154454063426
 13.85085687818435	 21.51160965721332
 13.86197313571098	 21.40129627787219
 13.87308939323761	 21.07636044405109
 13.88420565076424	 20.69983037700722
 13.89532190829088	 20.38379063986648
 13.90643816581751	 20.16763353544972
 13.91755442334414	 19.99398276656057
 13.92867068087077	 19.92883465102883
 13.93978693839741	 20.01895921085976
 13.95090319592404	 20.12155047617722
 13.96201945345067	 20.03254041756094
 13.97313571097730	 19.79654457531892
 13.98425196850394	 19.48000976635234
 13.99536822603057	 19.05190441715579
 14.00648448355720	 18.53014231090648
 14.01760074108383	 18.02290237074998
 14.02871699861047	 17.65577465524575
 14.03983325613710	 17.16205018703676
 14.05094951366373	 16.60577011903220
 14.06206577119037	 16.09389460437508
 14.07318202871700	 15.69265378399023
 14.08429828624363	 15.33034394082555
 14.09541454377026	 15.06896216351247
 14.10653080129690	 14.95000088265229
 14.11764705882353	 14.83299273303446
 14.12876331635016	 14.55966279570747
 14.13987957387680	 14.17408862208971
 14.15099583140343	 13.74010090217056
 14.16211208893006	 13.19800903869876
 14.17322834645669	 12.61176309374798
 14.18434460398333	 12.08049949730717
 14.19546086150996	 11.59647093917082
 14.20657711903659	 11.01779277009397
 14.21769337656322	 10.44010808342499
 14.22880963408986	  9.99142768070072
 14.23992589161649	  9.56029635911174
 14.25104214914312	  9.21196898112182
 14.26215840666976	  8.99700671041436
 14.27327466419639	  8.89789187911043
 14.28439092172302	  8.62150383375441
 14.29550717924965	  8.23055030436045
 14.30662343677628	  7.78321082091740
 14.31773969430292	  7.24510227573009
 14.32885595182955	  6.64348890788405
 14.33997220935618	  6.08047695572232
 14.35108846688282	  5.63509444652915
 14.36220472440945	  5.06114723302110
 14.37332098193608	  4.46152749429258
 14.38443723946271	  3.94401256992302
 14.39555349698935	  3.52043138125820
 14.40666975451598	  3.17289745299125
 14.41778601204261	  2.96738881809938
 14.42890226956925	  2.94814514037843
 14.44001852709588	  2.86235248057811
 14.45113478462251	  2.62485030185708
 14.46225104214914	  2.28433045856535
 14.47336729967578	  1.91172260896038
 14.48448355720241	  1.40847030341905
 14.49559981472904	  0.86481451762798
 14.50671607225567	  0.39859371622816
 14.51783232978231	  0.07707524280408
 14.52894858730894	 -0.39735477566369
 14.54006484483557	 -0.39718773413673
 14.55118110236221	 -0.39718750863221
 14.56229735988884	 -0.39718750863221
 14.57341361741547	 -0.39718721408314
 14.58452987494210	 -0.39718749398834
 14.59564613246873	 -0.19644992312340
 14.60676238999537	  0.08601338343163
 14.61787864752200	  0.17918517909723
 14.62899490504863	  0.12232945423008
 14.64011116257527	 -0.01368391360246
 14.65122742010190	 -0.01368391360246
 14.66234367762853	 -0.01368391360246
 14.67345993515516	 -0.01368391360246
 14.68457619268180	 -0.01368391360246
 14.69569245020843	 -0.01368391360246
 14.70680870773506	 -0.01368391360246
 14.71792496526170	 -0.01368391360246
 14.72904122278833	 -0.01368391360246
 14.74015748031496	 -0.01368391360246
 14.75127373784159	 -0.01368391360246
 14.76238999536823	  0.09557333100531
 14.77350625289486	  0.45855062327804
 14.78462251042149	  0.82233601843491
 14.79573876794812	  1.18559460136598
 14.80685502547476	  1.54919667297256
 14.81797128300139	  1.91257437113428
 14.82908754052802	  2.27609881861624
 14.84020379805465	  2.63952718111302
 14.85132005558129	  3.00301859960382
 14.86243631310792	  3.36646863709825
 14.87355257063455	  3.72994593775223
 14.88466882816119	  4.09340531375386
 14.89578508568782	  4.45687656021387
 14.90690134321445	  4.82033999968866
 14.91801760074108	  5.18380864950257
 14.92913385826772	  5.54727388389734
 14.94025011579435	  5.91074142849683
 14.95136637332098	  6.27420747634787
 14.96248263084761	  6.63767456316801
 14.97359888837425	  7.00114099719505
 14.98471514590088	  7.36460790918774
 14.99583140342751	  7.72807454219265
 15.00694766095415	  8.09154140390924
 15.01806391848078	  8.45500815337389
 15.02918017600741	  8.81847502007252
 15.04029643353404	  9.18194184942699
 15.05141269106068	  9.54540874584765
 15.06252894858731	  9.90887563882881
 15.07364520611394	 10.27234257617838
 15.08476146364058	 10.63580952555994
 15.09587772116721	 10.99927650900301
 15.10699397869384	 11.36274351160798
 15.11811023622047	 11.72621054359329
 15.12922649374710	 12.08967759807168
 15.14034275127374	 12.45314467981941
 15.15145900880037	 12.81661178565114
 15.16257526632700	 13.18007891782242
 15.17369152385364	 13.54354607486704
 15.18480778138027	 13.90701325786743
 15.19592403890690	 14.27048046615937
 15.20704029643353	 14.63394770027705
 15.21815655396017	 14.99741495993206
 15.22927281148680	 15.36088224540137
 15.24038906901343	 15.72434955657343
 15.25150532654007	 16.08781689360418
 15.26262158406670	 16.45128425646559
 15.27373784159333	 16.81475164525655
 15.28485409911996	 16.57580820714184
 15.29597035664660	 16.44260814737605
 15.30708661417323	 16.36879773017579
 15.31820287169986	 16.37390284158044
 15.32931912922649	 16.51434035059699
 15.34043538675313	 16.82560612562380
 15.35155164427976	 17.06614760225735
 15.36266790180639	 17.14045394831706
 15.37378415933303	 17.08981867683741
 15.38490041685966	 16.97959506426914
 15.39601667438629	 16.75112264437397
 15.40713293191292	 16.44054384493744
 15.41824918943956	 16.15677271035331
 15.42936544696619	 16.04188686925396
 15.44048170449282	 15.80287262647000
 15.45159796201945	 15.43418747365181
 15.46271421954609	 15.08441025835796
 15.47383047707272	 14.87520670214262
 15.48494673459935	 14.67967739891048
 15.49606299212598	 14.56992787720096
 15.50717924965262	 14.60372143966624
 15.51829550717925	 14.79410130487083
 15.52941176470588	 14.77909357775070
 15.54052802223252	 14.59425708611706
 15.55164427975915	 14.30004822516338
 15.56276053728578	 13.97049263900443
 15.57387679481241	 13.46914900696502
 15.58499305233905	 12.93838602731848
 15.59610930986568	 12.48709499729606
 15.60722556739231	 12.04142773765313
 15.61834182491894	 11.49135945001891
 15.62945808244558	 10.94301866135211
 15.64057433997221	 10.49912596852049
 15.65169059749884	 10.10847037332315
 15.66280685502547	  9.79669258948320
 15.67392311255211	  9.61540748082380
 15.68503937007874	  9.57424172259965
 15.69615562760537	  9.35882555851548
 15.70727188513201	  9.00751397696203
 15.71838814265864	  8.57902353419256
 15.72950440018527	  8.07553991148041
 15.74062065771190	  7.48690554874689
 15.75173691523853	  6.91233597990166
 15.76285317276517	  6.46099727257139
 15.77396943029180	  5.90269195035615
 15.78508568781843	  5.30334353730219
 15.79620194534507	  4.76296432217183
 15.80731820287170	  4.30815490887675
 15.81843446039833	  3.91060927919730
 15.82955071792497	  3.62842977363327
 15.84066697545160	  3.52259972318275
 15.85178323297823	  3.29878485020327
 15.86289949050486	  2.94202566987674
 15.87401574803150	  2.50191022280341
 15.88513200555813	  2.04481845397228
 15.89624826308476	  1.44872389066180
 15.90736452061140	  0.84775816095531
 15.91848077813803	  0.34585647947740
 15.92959703566466	 -0.19843749382766
 15.94071329319129	 -0.19814431556099
 15.95182955071792	 -0.19787864990559
 15.96294580824456	 -0.19781752620772
 15.97406206577119	 -0.19781752620772
 15.98517832329782	 -0.19781752620772
 15.99629458082446	 -0.19781752620772
 16.00741083835109	 -0.19781752620772
 16.01852709587772	 -0.19781752620772
 16.02964335340435	 -0.19781752620772
 16.04075961093099	 -0.19781752620772
 16.05187586845762	 -0.19764394104539
 16.06299212598425	 -0.19738277893412
 16.07410838351088	 -0.19718121597191
 16.08522464103752	 -0.19718121597191
 16.09634089856415	 -0.19703160679375
 16.10745715609078	 -0.19683808893898
 16.11857341361742	 -0.19668131372222
 16.12968967114405	 -0.19668131372222
 16.14080592867068	 -0.19668123747304
 16.15192218619731	 -0.19668087331015
 16.16303844372394	 -0.08711926239644
 16.17415470125058	  0.22392536840406
 16.18527095877721	  0.38479483565868
 16.19638721630384	  0.37619551496851
 16.20750347383048	  0.26081918611014
 16.21861973135711	  0.11577077404674
 16.22973598888374	 -0.19742911998266
 16.24085224641038	 -0.19742911998266
 16.25196850393701	 -0.19742911998266
 16.26308476146364	 -0.19742886178807
 16.27420101899027	 -0.19742886178807
 16.28531727651691	 -0.19742886178807
 16.29643353404354	 -0.19742886178807
 16.30754979157017	 -0.19742861988241
 16.31866604909681	 -0.19742850316783
 16.32978230662344	 -0.14383850373651
 16.34089856415007	  0.07260108555100
 16.35201482167670	  0.43587708832984
 16.36313107920333	  0.79946750434756
 16.37424733672997	  1.16285285305595
 16.38536359425660	  1.52637212425561
 16.39647985178323	  1.88980385433433
 16.40759610930987	  2.25329294058225
 16.41871236683650	  2.61674445229841
 16.42982862436313	  2.98022068059866
 16.44094488188976	  3.34368069248917
 16.45206113941640	  3.70715142755738
 16.46317739694303	  4.07061512722855
 16.47429365446966	  4.43408351724687
 16.48540991199630	  4.79754884258935
 16.49652616952293	  5.16101624094127
 16.50764242704956	  5.52448230293814
 16.51875868457619	  5.88794929503384
 16.52987494210283	  6.25141570808161
 16.54099119962946	  6.61488254881889
 16.55210745715609	  6.97834914463058
 16.56322371468272	  7.34181594579012
 16.57433997220935	  7.70528265048207
 16.58545622973599	  8.06874946147294
 16.59657248726262	  8.43221624244059
 16.60768874478925	  8.79568308530828
 16.61880500231589	  9.15914992811934
 16.62992125984252	  9.52261681282265
 16.64103751736915	  9.88608371110016
 16.65215377489578	 10.24955064222248
 16.66327003242242	 10.61301759318505
 16.67438628994905	 10.97648457290302
 16.68550254747568	 11.33995157538542
 16.69661880500232	 11.70341860479108
 16.70773506252895	 12.06688565835961
 16.71885132005558	 12.43035273805328
 16.72996757758222	 12.79381984260771
 16.74108383510885	 13.15728697296569
 16.75220009263548	 13.52075412855900
 16.76331635016211	 13.88422130985516
 16.77443260768874	 14.24768851661142
 16.78554886521538	 14.61115574907280
 16.79666512274201	 14.97462300714945
 16.80778138026864	 15.33809029098192
 16.81889763779527	 15.70155760055242
 16.83001389532191	 16.06502493595232
 16.84113015284854	 16.42849229719803
 16.85224641037517	 16.79195968435787
 16.86336266790181	 16.61594916484102
 16.87447892542844	 16.53085963401354
 16.88559518295507	 16.50161072431978
 16.89671144048170	 16.58841281804322
 16.90782769800834	 16.83594641291239
 16.91894395553497	 17.14179632612764
 16.93006021306160	 17.27411793700853
 16.94117647058824	 17.26281809365483
 16.95229272811487	 17.16720627578293
 16.96340898564150	 16.99436491642678
 16.97452524316813	 16.70281439091829
 16.98564150069476	 16.39654907475233
 16.99675775822140	 16.18442376160050
 17.00787401574803	 15.99783674713046
 17.01899027327466	 15.70026659816669
 17.03010653080130	 15.33926000307712
 17.04122278832793	 15.06416062634593
 17.05233904585456	 14.86274400393941
 17.06345530338120	 14.72117639265308
 17.07457156090783	 14.70265678472793
 17.08568781843446	 14.84739259517339
 17.09680407596109	 14.91749140059190
 17.10792033348773	 14.79965391435272
 17.11903659101436	 14.54605290629206
 17.13015284854099	 14.22691624193280
 17.14126910606763	 13.77105379443572
 17.15238536359426	 13.24272789917508
 17.16350162112089	 12.75239968594019
 17.17461787864752	 12.38427285386212
 17.18573413617415	 11.86689487748111
 17.19685039370079	 11.30746734532460
 17.20796665122742	 10.81390055428124
 17.21908290875405	 10.41359892933064
 17.23019916628069	 10.06618902484422
 17.24131542380732	  9.83133519679630
 17.25243168133395	  9.74577891454564
 17.26354793886058	  9.60062250617728
 17.27466419638722	  9.30176566951423
 17.28578045391385	  8.89880553526527
 17.29689671144048	  8.45849986231230
 17.30801296896712	  7.89431932543628
 17.31912922649375	  7.30199962321975
 17.33024548402038	  6.78144254437063
 17.34136174154701	  6.26868879263578
 17.35247799907365	  5.67487113653910
 17.36359425660028	  5.09828612184452
 17.37471051412691	  4.64055542555927
 17.38582677165354	  4.21140408027749
 17.39694302918017	  3.87483104840112
 17.40805928670681	  3.67785937566031
 17.41917554423344	  3.51669206552193
 17.43029180176007	  3.21047088943932
 17.44140805928670	  2.79727956610030
 17.45252431681334	  2.33814821180544
 17.46364057433997	  1.77353770411407
 17.47475683186660	  1.16200273840132
 17.48587308939324	  0.60708590497866
 17.49698934691987	  0.15396773350919
 17.50810560444650	 -0.44264155323051
 17.51922186197314	 -0.44237615461328
 17.53033811949977	 -0.44221918777631
 17.54145437702640	 -0.44217191469236
 17.55257063455304	 -0.44217191469236
 17.56368689207967	 -0.44217191469236
 17.57480314960630	 -0.42598035014107
 17.58591940713293	 -0.42598035014107
 17.59703566465956	 -0.42598035014107
 17.60815192218620	 -0.42598035014107
 17.61926817971283	 -0.42598012743140
 17.63038443723946	 -0.42574639826913
 17.64150069476609	 -0.42548704332325
 17.65261695229273	 -0.42535579904894
 17.66373320981936	 -0.42535579904894
 17.67484946734599	 -0.42517175868775
 17.68596572487263	 -0.42500513090316
 17.69708198239926	 -0.42500513090316
 17.70819823992589	 -0.42500478249519
 17.71931449745252	 -0.42500478249519
 17.73043075497916	 -0.40200695721527
 17.74154701250579	 -0.16621138379451
 17.75266327003242	  0.06669487741105
 17.76377952755906	  0.11778582178721
 17.77489578508569	  0.03372511412221
 17.78601204261232	 -0.11028365611461
 17.79712830013895	 -0.11028365611461
 17.80824455766559	 -0.11028365611461
 17.81936081519222	 -0.11028353261290
 17.83047707271885	 -0.11028327218446
 17.84159333024548	 -0.11028327218446
 17.85270958777212	 -0.11028327218446
 17.86382584529875	 -0.11028327218446
 17.87494210282538	 -0.11028327218446
 17.88605836035202	 -0.11028327218446
 17.89717461787865	 -0.10717523402862
 17.90829087540528	  0.04646169758702
 17.91940713293191	  0.40962705054706
 17.93052339045855	  0.77328942117862
 17.94163964798518	  1.13662809829084
 17.95275590551181	  1.50017774402422
 17.96387216303845	  1.86358970931442
 17.97498842056508	  2.22709168088301
 17.98610467809171	  2.59053478256952
 17.99722093561834	  2.95401650506466
 18.00833719314497	  3.31747291899945
 18.01945345067161	  3.68094600927280
 18.03056970819824	  4.04440816034544
 18.04168596572487	  4.40787756541282
 18.05280222325150	  4.77134221959259
 18.06391848077814	  5.13481005759389
 18.07503473830477	  5.49827582627869
 18.08615099583140	  5.86174300948603
 18.09726725335804	  6.22520929293716
 18.10838351088467	  6.58867621675004
 18.11949976841130	  6.95214275435706
 18.13061602593794	  7.31560959131817
 18.14173228346457	  7.67907626914435
 18.15284854099120	  8.04254309510828
 18.16396479851783	  8.40600986305918
 18.17508105604447	  8.76947671165787
 18.18619731357110	  9.13294354761249
 18.19731357109773	  9.49641043391562
 18.20842982862436	  9.85987732809371
 18.21954608615100	 10.22334425895468
 18.23066234367763	 10.58681120705807
 18.24177860120426	 10.95027818566869
 18.25289485873089	 11.31374518585148
 18.26401111625752	 11.67721221376083
 18.27512737378416	 12.04067926528182
 18.28624363131079	 12.40414634329735
 18.29735988883743	 12.76761344591650
 18.30847614636406	 13.13108057450895
 18.31959240389069	 13.49454772821526
 18.33070866141732	 13.85801490770181
 18.34182491894395	 14.22148211258989
 18.35294117647059	 14.58494934321755
 18.36405743399722	 14.94841659943120
 18.37517369152386	 15.31188388141507
 18.38628994905049	 15.67535118912137
 18.39740620657712	 16.03881852266206
 18.40852246410375	 16.40228588203943
 18.41963872163038	 16.76575326733149
 18.43075497915702	 17.12922067856420
 18.44187123668365	 17.04682710594783
 18.45298749421028	 16.99150713680533
 18.46410375173691	 17.03354987438581
 18.47522000926355	 17.21979990107392
 18.48633626679018	 17.58316917557595
 18.49745252431681	 17.77703554792475
 18.50856878184345	 17.81512656509757
 18.51968503937008	 17.74411179904119
 18.53080129689671	 17.63271240874549
 18.54191755442334	 17.37520420528249
 18.55303381194998	 17.06260927051145
 18.56415006947661	 16.80437046976361
 18.57526632700324	 16.68831085599995
 18.58638258452988	 16.42093684129802
 18.59749884205651	 16.10773741670116
 18.60861509958314	 15.79812786896367
 18.61973135710977	 15.60274170872921
 18.63084761463641	 15.43947780718166
 18.64196387216304	 15.37696338021932
 18.65308012968967	 15.46681667432507
 18.66419638721630	 15.62348807056330
 18.67531264474294	 15.58116219796871
 18.68642890226957	 15.37987622716237
 18.69754515979620	 15.08419481849399
 18.70866141732283	 14.69084079571160
 18.71977767484947	 14.18343745385091
 18.73089393237610	 13.67064295857671
 18.74201018990273	 13.25863101716550
 18.75312644742937	 12.79118022982701
 18.76424270495600	 12.23936325484152
 18.77535896248263	 11.71133491496948
 18.78647522000926	 11.31458961753298
 18.79759147753590	 10.94216925309698
 18.80870773506253	 10.66044211131176
 18.81982399258916	 10.51704500409658
 18.83094025011579	 10.48408541941936
 18.84205650764243	 10.24769197257148
 18.85317276516906	  9.88289531450987
 18.86428902269569	  9.45205134892861
 18.87540528022233	  8.92999966832343
 18.88652153774896	  8.33868442428392
 18.89763779527559	  7.77836372630099
 18.90875405280222	  7.32901381053732
 18.91987031032885	  6.75941812914859
 18.93098656785549	  6.16474634234508
 18.94210282538212	  5.64436882415642
 18.95321908290876	  5.19603885804595
 18.96433534043539	  4.81484622712537
 18.97545159796202	  4.55575170089520
 18.98656785548865	  4.44942897777624
 18.99768411301528	  4.20131406265293
 19.00880037054192	  3.82688844818555
 19.01991662806855	  3.37944356952090
 19.03103288559518	  2.86332920364238
 19.04214914312182	  2.26058843602671
 19.05326540064845	  1.67101222628009
 19.06438165817508	  1.21547894572290
 19.07549791570171	  0.65204451654737
 19.08661417322835	  0.03944074432369
 19.09773043075498	 -0.51543135835256
 19.10884668828161	 -0.51536977971113
 19.11996294580824	 -0.51536977971113
 19.13107920333488	 -0.51536943622706
 19.14219546086151	 -0.51536943622706
 19.15331171838815	 -0.51536943622706
 19.16442797591478	 -0.51536943622706
 19.17554423344141	 -0.51536929482225
 19.18666049096804	 -0.51536929482225
 19.19777674849467	 -0.51519792091943
 19.20889300602131	 -0.51490330730009
 19.22000926354794	 -0.51472441493687
 19.23112552107457	 -0.51472441493687
 19.24224177860120	 -0.51456454821983
 19.25335803612784	 -0.51435727513014
 19.26447429365447	 -0.51414294709612
 19.27559055118110	 -0.51414286847476
 19.28670680870773	 -0.51414286847476
 19.29782306623437	 -0.51414286847476
 19.30893932376100	 -0.37147195240686
 19.32005558128763	 -0.13067714187436
 19.33117183881427	 -0.01565370838629
 19.34228809634090	 -0.01565341036323
 19.35340435386753	 -0.01565341036323
 19.36452061139416	 -0.01565341036323
 19.37563686892080	 -0.01565341036323
 19.38675312644743	 -0.01565327027577
 19.39786938397406	 -0.01565327027577
 19.40898564150070	 -0.01565327027577
 19.42010189902733	 -0.01565327027577
 19.43121815655396	 -0.01565304972670
 19.44233441408059	 -0.01565304972670
 19.45345067160723	 -0.01565281591072
 19.46456692913386	 -0.01565281591072
 19.47568318666049	  0.07818701236718
 19.48679944418712	  0.34507708685513
 19.49791570171375	  0.63690522806428
 19.50903195924039	  1.00009158742817
 19.52014821676702	  1.36374067118818
 19.53126447429366	  1.72708781273947
 19.54238073182029	  2.09063215958147
 19.55349698934692	  2.45404753476517
 19.56461324687355	  2.81754741621685
 19.57572950440018	  3.18099190173969
 19.58684576192682	  3.54447281743762
 19.59796201945345	  3.90792980295848
 19.60907827698009	  4.27140259860960
 19.62019453450672	  4.63486499868095
 19.63131079203335	  4.99833431245764
 19.64242704955998	  5.36179908807505
 19.65354330708661	  5.72526691505745
 19.66465956461325	  6.08873275514712
 19.67577582213988	  6.45219995882827
 19.68689207966651	  6.81566629429012
 19.69800833719314	  7.17913325086084
 19.70912459471977	  7.54259983310343
 19.72024085224641	  7.90606670760527
 19.73135710977304	  8.26953342736251
 19.74247336729968	  8.63300029275252
 19.75358962482631	  8.99646710172301
 19.76470588235294	  9.35993399052993
 19.77582213987957	  9.72340086726999
 19.78693839740621	 10.08686779415182
 19.79805465493284	 10.45033472913156
 19.80917091245948	 10.81380170079251
 19.82028716998611	 11.17726868980354
 19.83140342751274	 11.54073570938385
 19.84251968503937	 11.90420275061119
 19.85363594256600	 12.26766981964360
 19.86475220009264	 12.63113691235609
 19.87586845761927	 12.99460403164387
 19.88698471514590	 13.35807117560457
 19.89810097267253	 13.72153834561819
 19.90921723019916	 14.08500554081713
 19.92033348772580	 14.44847276187456
 19.93144974525243	 14.81194000840685
 19.94256600277907	 15.17540728075612
 19.95368226030570	 15.53887457876600
 19.96479851783233	 15.90234190262313
 19.97591477535896	 16.26580925227831
 19.98703103288559	 16.62927662784488
 19.99814729041223	 16.99274402932440
 20.00926354793886	 17.35621145679569
 20.02037980546550	 17.28734323427414
 20.03149606299213	 17.28970544196887
 20.04261232051876	 17.42108822349944
 20.05372857804539	 17.71763931637059
 20.06484483557202	 17.97551149015092
 20.07596109309866	 18.06669511679619
 20.08707735062529	 18.02915261890226
 20.09819360815192	 17.92515889024053
 20.10930986567855	 17.71455780346690
 20.12042612320519	 17.41087381668263
 20.13154238073182	 17.12069577899971
 20.14265863825845	 16.94958391223883
 20.15377489578508	 16.72593404234186
 20.16489115331172	 16.41661418125263
 20.17600741083835	 16.13169313427377
 20.18712366836498	 15.91171970810343
 20.19823992589162	 15.73626599391379
 20.20935618341825	 15.63725431097496
 20.22047244094488	 15.67496245237807
 20.23158869847152	 15.89526078236301
 20.24270495599815	 15.93619457533230
 20.25382121352478	 15.79696215330303
 20.26493747105141	 15.53617792109701
 20.27605372857805	 15.22644817187241
 20.28716998610468	 14.75665930495094
 20.29828624363131	 14.23754329698232
 20.30940250115794	 13.77966121678315
 20.32051875868458	 13.37746111251185
 20.33163501621121	 12.85036605643169
 20.34275127373784	 12.30342106018237
 20.35386753126447	 11.84288237604823
 20.36498378879110	 11.45572267227625
 20.37610004631774	 11.13469771728120
 20.38721630384437	 10.93608277003462
 20.39833256137101	 10.91289276624266
 20.40944881889764	 10.74535896570474
 20.42056507642427	 10.42942645812460
 20.43168133395090	 10.01974643743694
 20.44279759147753	  9.58468164817731
 20.45391384900417	  9.01144001199241
 20.46503010653080	  8.42692962894672
 20.47614636405743	  7.93014056850621
 20.48726262158407	  7.40041009533357
 20.49837887911070	  6.80483242514018
 20.50949513663733	  6.24267838132705
 20.52061139416397	  5.78719959474469
 20.53172765169060	  5.37096769092832
 20.54284390921723	  5.05561688710531
 20.55396016674386	  4.88382693825265
 20.56507642427049	  4.69772750937726
 20.57619268179713	  4.37108179377833
 20.58730893932376	  3.94658838073063
 20.59842519685040	  3.48743952616042
 20.60954145437703	  2.91010056318852
 20.62065771190366	  2.30308633513711
 20.63177396943029	  1.76943495364298
 20.64289022695692	  1.25368491597061
 20.65400648448356	  0.64906378428777
 20.66512274201019	  0.05767681183878
 20.67623899953682	 -0.38923316775027
 20.68735525706346	 -0.38917840153707
 20.69847151459009	 -0.38917840153707
 20.70958777211672	 -0.38917840153707
 20.72070402964335	 -0.38287021553839
 20.73182028716999	 -0.38286993336549
 20.74293654469662	 -0.38286993336549
 20.75405280222325	 -0.38286993336549
 20.76516905974988	 -0.38272933182160
 20.77628531727652	 -0.38245632642540
 20.78740157480315	 -0.38219685939975
 20.79851783232978	 -0.38206790758120
 20.80963408985642	 -0.38193881926029
 20.82075034738305	 -0.38171850716455
 20.83186660490968	 -0.38155119628698
 20.84298286243631	 -0.38155119628698
 20.85409911996295	 -0.38155119628698
 20.86521537748958	 -0.38155119628698
 20.87633163501621	 -0.32825556729460
 20.88744789254284	 -0.05055967326648
 20.89856415006948	  0.07041452901434
 20.90968040759611	  0.08297835469978
 20.92079666512274	 -0.02299836333161
 20.93191292264937	 -0.02299805878935
 20.94302918017600	 -0.02299805878935
 20.95414543770264	 -0.02299805878935
 20.96526169522927	 -0.02299797737878
 20.97637795275591	 -0.02299797737878
 20.98749421028254	 -0.02299797737878
 20.99861046780917	 -0.02299783657940
 21.00972672533580	 -0.02299783657940
 21.02084298286244	 -0.02299783657940
 21.03195924038907	 -0.02299783657940
 21.04307549791570	  0.01518447966493
 21.05419175544234	  0.21658731465160
 21.06530801296897	  0.57985520514999
 21.07642427049560	  0.94345077308459
 21.08754052802223	  1.30683288874162
 21.09865678554887	  1.67035421554254
 21.10977304307550	  2.03378466721602
 21.12088930060213	  2.39727457263379
 21.13200555812876	  2.76072558525971
 21.14312181565539	  3.12420214157983
 21.15423807318203	  3.48766196406060
 21.16535433070866	  3.85113283286214
 21.17647058823530	  4.21459646501775
 21.18758684576193	  4.57806491252339
 21.19870310328856	  4.94153021801841
 21.20981936081519	  5.30499764422201
 21.22093561834182	  5.66846370483123
 21.23205187586846	  6.03193071341011
 21.24316813339509	  6.39539713213440
 21.25428439092173	  6.75886398507667
 21.26540064844836	  7.12233058923196
 21.27651690597499	  7.48579740103579
 21.28763316350162	  7.84926411506647
 21.29874942102825	  8.21273093616499
 21.30986567855489	  8.57619772684335
 21.32098193608152	  8.93966457965904
 21.33209819360815	  9.30313143232712
 21.34321445113478	  9.66659832695288
 21.35433070866141	 10.03006523515548
 21.36544696618805	 10.39353217621999
 21.37656322371468	 10.75699913715056
 21.38767948124132	 11.12046612684443
 21.39879573876795	 11.48393313933075
 21.40991199629458	 11.84740017874957
 21.42102825382121	 12.21086724235676
 21.43214451134785	 12.57433433210136
 21.44326076887448	 12.93780144672954
 21.45437702640112	 13.30126858717603
 21.46549328392775	 13.66473575287879
 21.47660954145438	 14.02820294430078
 21.48772579898101	 14.39167016120273
 21.49884205650764	 14.75513740382720
 21.50995831403428	 15.11860467208616
 21.52107457156091	 15.48207196611889
 21.53219082908754	 15.84553928590862
 21.54330708661417	 16.20900663154611
 21.55442334414080	 16.57247400304830
 21.56553960166744	 16.93594140048319
 21.57665585919407	 17.29940882388377
 21.58777211672070	 17.22359408172420
 21.59888837424734	 17.19317460442019
 21.61000463177397	 17.27457651883627
 21.62112088930060	 17.50898910225197
 21.63223714682723	 17.83145130282725
 21.64335340435387	 17.98067520895985
 21.65446966188050	 17.98641870026642
 21.66558591940714	 17.89977768019682
 21.67670217693377	 17.74781438025470
 21.68781843446040	 17.46767382095841
 21.69893469198703	 17.16035245353651
 21.71005094951366	 16.93406328844146
 21.72116720704030	 16.76717807239053
 21.73228346456693	 16.47735154355075
 21.74339972209356	 16.16948477378335
 21.75451597962019	 15.95402712655086
 21.76563223714683	 15.77747661753850
 21.77674849467346	 15.65033389126660
 21.78786475220009	 15.63838614724722
 21.79898100972672	 15.78591927073807
 21.81009726725336	 15.91148206188432
 21.82121352477999	 15.84311340267245
 21.83232978230662	 15.62806969472254
 21.84344603983326	 15.33442074531601
 21.85456229735989	 14.91782398337759
 21.86567855488652	 14.40934036757661
 21.87679481241315	 13.91957584190517
 21.88791106993979	 13.56968378644288
 21.89902732746642	 13.08382063688023
 21.91014358499305	 12.53452816494610
 21.92125984251969	 12.03132117732568
 21.93237610004632	 11.64098191874840
 21.94349235757295	 11.28945051125457
 21.95460861509958	 11.04032636522504
 21.96572487262622	 10.93639813822284
 21.97684113015285	 10.84264295365647
 21.98795738767948	 10.58512427532393
 21.99907364520611	 10.20808745461663
 22.01018990273274	  9.77632078945624
 22.02130616025938	  9.23726143032904
 22.03242241778601	  8.64528353859723
 22.04353867531265	  8.10144074758750
 22.05465493283928	  7.65539984509798
 22.06577119036591	  7.07604871958101
 22.07688744789254	  6.48780014125682
 22.08800370541917	  5.98896063011780
 22.09911996294581	  5.54823612538337
 22.11023622047244	  5.18425137456450
 22.12135247799907	  4.94858377847687
 22.13246873552571	  4.84180527658800
 22.14358499305234	  4.57028346023159
 22.15470125057897	  4.17951942007484
 22.16581750810560	  3.72622401596467
 22.17693376563224	  3.18979478714102
 22.18805002315887	  2.58299306166813
 22.19916628068550	  2.00669030283832
 22.21028253821213	  1.54917486251182
 22.22139879573877	  0.96947592783012
 22.23251505326540	  0.35928572356837
 22.24363131079204	 -0.17498298424607
 22.25474756831867	 -0.17492303723338
 22.26586382584530	 -0.17492303723338
 22.27698008337193	 -0.17492303723338
 22.28809634089856	 -0.17492303723338
 22.29921259842520	 -0.17492303723338
 22.31032885595183	 -0.17492272820181
 22.32144511347846	 -0.17492272820181
 22.33256137100510	 -0.17492247386600
 22.34367762853173	 -0.17469792520389
 22.35479388605836	 -0.17438196036356
 22.36591014358499	 -0.17422215964313
 22.37702640111162	 -0.17422215964313
 22.38814265863826	 -0.17402874701343
 22.39925891616489	 -0.17381616904905
 22.41037517369152	 -0.17369933738725
 22.42149143121816	 -0.17369933738725
 22.43260768874479	 -0.17369933738725
 22.44372394627142	 -0.17369933738725
 22.45484020379805	  0.00323303280659
 22.46595646132469	  0.17978108665022
 22.47707271885132	  0.19116354323485
 22.48818897637795	  0.12066211418849
 22.49930523390459	 -0.01974579002789
 22.51042149143122	 -0.01974579002789
 22.52153774895785	 -0.01974579002789
 22.53265400648448	 -0.01974579002789
 22.54377026401112	 -0.01974579002789
 22.55488652153775	 -0.01974543386159
 22.56600277906438	 -0.01974543386159
 22.57711903659101	 -0.01974543386159
 22.58823529411764	 -0.01974516520816
 22.59935155164428	 -0.01974516520816
 22.61046780917091	 -0.01974516520816
 22.62158406669755	  0.11803075599855
 22.63270032422418	  0.43714046742851
 22.64381658175081	  0.67640898470357
 22.65493283927744	  1.03929327226381
 22.66604909680407	  1.40314001141586
 22.67716535433071	  1.76635850322109
 22.68828161185734	  2.12998706033509
 22.69939786938398	  2.49334739797524
 22.71051412691061	  2.85688337452145
 22.72163038443724	  3.22030418843835
 22.73274664196387	  3.58380067123289
 22.74386289949051	  3.94724741590502
 22.75497915701714	  4.31072696882637
 22.76609541454377	  4.67418491120005
 22.77721167207040	  5.03765717828004
 22.78832792959703	  5.40112000149493
 22.79944418712367	  5.76458912880546
 22.81056044465030	  6.12805410878036
 22.82167670217694	  6.49152188975735
 22.83279295970357	  6.85498784451751
 22.84390921723020	  7.21845505997519
 22.85502547475683	  7.58192147337590
 22.86614173228346	  7.94538846558073
 22.87725798981010	  8.30885511076898
 22.88837424733673	  8.67232203083161
 22.89949050486337	  9.03578880747321
 22.91060676239000	  9.39925572262474
 22.92172301991663	  9.76272258609242
 22.93283927744326	 10.12618952650578
 22.94395553496989	 10.48965645686935
 22.95507179249653	 10.85312343623230
 22.96618805002316	 11.21659042458653
 22.97730430754979	 11.58005744920345
 22.98842056507642	 11.94352449159852
 22.99953682260305	 12.30699156444485
 23.01065308012969	 12.67045865917333
 23.02176933765632	 13.03392578171407
 23.03288559518296	 13.39739292809000
 23.04400185270959	 13.76086010110088
 23.05511811023622	 14.12432729890661
 23.06623436776285	 14.48779452284717
 23.07735062528949	 14.85126177208136
 23.08846688281612	 15.21472904726556
 23.09958314034275	 15.57819634802746
 23.11069939786939	 15.94166367470224
 23.12181565539602	 16.30513102713846
 23.13293191292265	 16.66859840551988
 23.14404817044928	 17.03206580979956
 23.15516442797592	 17.39553324008979
 23.16628068550255	 17.34526710689352
 23.17739694302918	 17.38228699735300
 23.18851320055581	 17.55939526331552
 23.19962945808244	 17.92215072692851
 23.21074571560908	 18.13316992592530
 23.22186197313571	 18.18668002488137
 23.23297823066234	 18.12714416162478
 23.24409448818897	 18.01986868920898
 23.25521074571561	 17.77753878984639
 23.26632700324224	 17.46874754172213
 23.27744326076887	 17.20137765002785
 23.28855951829551	 17.08623509068578
 23.29967577582214	 16.83130319249748
 23.31079203334877	 16.51686268387134
 23.32190829087541	 16.25447181693207
 23.33302454840204	 16.13930958937076
 23.34414080592867	 15.99454839277523
 23.35525706345530	 15.94137226589273
 23.36637332098194	 16.03531599268087
 23.37748957850857	 16.26935278571392
 23.38860583603520	 16.28166604611796
 23.39972209356183	 16.12331137511917
 23.41083835108847	 15.85842845728534
 23.42195460861510	 15.51110948741572
 23.43307086614173	 15.03136297359266
 23.44418712366836	 14.52649316471808
 23.45530338119499	 14.10559615640676
 23.46641963872163	 13.67740747672458
 23.47753589624826	 13.14429407640877
 23.48865215377490	 12.61406593575296
 23.49976841130153	 12.19048135665055
 23.51088466882816	 11.81914759114016
 23.52200092635479	 11.52695469114310
 23.53311718388143	 11.36641485961632
 23.54423344140806	 11.35192370259889
 23.55534969893469	 11.16143945202234
 23.56646595646133	 10.82911650518462
 23.57758221398796	 10.41381083205569
 23.58869847151459	  9.92618150915415
 23.59981472904122	  9.34513421029712
 23.61093098656786	  8.77050203612061
 23.62204724409449	  8.32711569014986
 23.63316350162112	  7.78158970653841
 23.64427975914775	  7.18551335197533
 23.65539601667438	  6.63925746687656
 23.66651227420102	  6.18683987231987
 23.67762853172765	  5.78429753817769
 23.68874478925429	  5.49049899627727
 23.69986104678092	  5.34373478033226
 23.71097730430755	  5.13311025299929
 23.72209356183418	  4.78692000141886
 23.73320981936081	  4.35223777362506
 23.74432607688745	  3.89414071933642
 23.75544233441408	  3.30604855156162
 23.76655859194071	  2.70530092861722
 23.77767484946735	  2.19393938901243
 23.78879110699398	  1.65558926672403
 23.79990736452061	  1.04583101801677
 23.81102362204724	  0.46807817775305
 23.82213987957388	  0.01754640372455
 23.83325613710051	 -0.39165463951977
 23.84437239462714	 -0.39165463951977
 23.85548865215377	 -0.39165463951977
 23.86660490968041	 -0.39165463951977
 23.87772116720704	 -0.39165463951977
 23.88883742473367	 -0.39165449954381
 23.89995368226031	 -0.39165449954381
 23.91106993978694	 -0.39148828545097
 23.92218619731357	 -0.39116184942998
 23.93330245484020	  0.07891755367466
 23.94441871236684	  0.72270811499266
 23.95553496989347	  1.25054470809578
 23.96665122742010	  1.72771961792865
 23.97776748494674	  2.26721205370242
 23.98888374247337	  2.96418862810890
 24.00000000000000	  3.72156198568551
