#t	dod	  0.00000000000000	  0.00000000000000
  0.01111625752663	  0.07592981710413
  0.02223251505327	  0.18861620716200
  0.03334877257990	  0.36333997780850
  0.04446503010653	  0.60554269583092
  0.05558128763316	  0.77000220730844
  0.06669754515980	  0.87483914656081
  0.07781380268643	  0.94774461514379
  0.08893006021306	  1.02223875201830
  0.10004631773969	  0.83377955789482
  0.11116257526633	  0.70945449469649
  0.12227883279296	  0.66558390396342
  0.13339509031959	  0.54874596411074
  0.14451134784623	  0.36782353954751
  0.15562760537286	  0.14911310874843
  0.16674386289949	 -0.07243288846002
  0.17786012042612	 -0.07243288846002
  0.18897637795276	 -0.07243288846002
  0.20009263547939	  0.09797526368901
  0.21120889300602	  0.23647021518067
  0.22232515053265	  0.30178907275827
  0.23344140805929	  0.31882011968362
  0.24455766558592	  0.32106885429221
  0.25567392311255	  0.34799049626434
  0.26679018063918	  0.43599595400330
  0.27790643816582	  0.61330431499621
  0.28902269569245	  0.84514308410792
  0.30013895321908	  0.99369387620678
  0.31125521074572	  1.07657160225606
  0.32237146827235	  1.12550649851682
  0.33348772579898	  1.17949369615964
  0.34460398332561	  1.27916064299294
  0.35572024085225	  1.45913617801600
  0.36683649837888	  1.54181756850037
  0.37795275590551	  1.61498640608034
  0.38906901343214	  1.60532013616701
  0.40018527095878	  1.53750226936091
  0.41130152848541	  1.46799855067143
  0.42241778601204	  1.40651159965643
  0.43353404353868	  1.39272124145035
  0.44465030106531	  1.45917366474058
  0.45576655859194	  1.64079819078203
  0.46688281611857	  1.74861202146818
  0.47799907364521	  1.76914455812714
  0.48911533117184	  1.72706621993508
  0.50023158869847	  1.65943183475858
  0.51134784622510	  1.60566937759445
  0.52246410375174	  1.60210165410070
  0.53358036127837	  1.67740940581770
  0.54469661880500	  1.85903619939884
  0.55581287633164	  1.96982855937192
  0.56692913385827	  2.00067248399936
  0.57804539138490	  2.18219519815464
  0.58916164891153	  2.31801083378014
  0.60027790643817	  2.45358323430337
  0.61139416396480	  2.58931479429193
  0.62251042149143	  2.72494197155543
  0.63362667901806	  2.86063765623514
  0.64474293654470	  2.99628830001189
  0.65585919407133	  3.13196859335113
  0.66697545159796	  3.26762934001924
  0.67809170912459	  3.40330299413535
  0.68920796665123	  3.53896811469872
  0.70032422417786	  3.67463888918482
  0.71144048170449	  3.81030591526148
  0.72255673923113	  3.94597543412594
  0.73367299675776	  4.08164329635886
  0.74478925428439	  4.21731226524182
  0.75590551181102	  4.35298049767178
  0.76702176933766	  4.48864922508157
  0.77813802686429	  4.62431762345819
  0.78925428439092	  4.75998624377807
  0.80037054191755	  4.89565471634711
  0.81148679944419	  5.03132329050070
  0.82260305697082	  5.16699179832364
  0.83371931449745	  5.30266035307416
  0.84483557202409	  5.43832887824790
  0.85595182955072	  5.57399742560048
  0.86706808707735	  5.70966596007152
  0.87818434460398	  5.84533450544690
  0.88930060213062	  5.98100304557052
  0.90041685965725	  6.11667159143266
  0.91153311718388	  6.25234013555027
  0.92264937471051	  6.38800868302692
  0.93376563223715	  6.52367723038034
  0.94488188976378	  6.65934577999158
  0.95599814729041	  6.79501433023333
  0.96711440481704	  6.93068288222132
  0.97823066234368	  7.06635143519230
  0.98934691987031	  7.20201998967131
  1.00046317739694	  7.33768854529935
  1.01157943492358	  7.47335710232455
  1.02269569245021	  7.60902566057774
  1.03381194997684	  7.74469422017680
  1.04492820750347	  7.88036278104204
  1.05604446503011	  8.01603134322984
  1.06716072255674	  8.15169990670278
  1.07827698008337	  8.33336433817283
  1.08939323761000	  8.35773276398781
  1.10050949513664	  8.45267414976124
  1.11162575266327	  8.63445793643839
  1.12274201018990	  8.73202008188648
  1.13385826771654	  8.75237136098023
  1.14497452524317	  8.71745681216105
  1.15609078276980	  8.66128697361544
  1.16720704029643	  8.62085425209382
  1.17832329782307	  8.63258971503014
  1.18943955534970	  8.72225224357366
  1.20055581287633	  8.90389935675973
  1.21167207040296	  8.99435800091831
  1.22278832792960	  9.00478578524882
  1.23390458545623	  8.96094492737591
  1.24502084298286	  8.90016234759929
  1.25613710050950	  8.86182609091511
  1.26725335803613	  8.84603377984546
  1.27836961556276	  8.90521570035171
  1.28948587308939	  9.03174115907169
  1.30060213061603	  9.04166215816264
  1.31171838814266	  8.96587084811129
  1.32283464566929	  8.83696973047733
  1.33395090319592	  8.69311810724520
  1.34506716072256	  8.57343154302071
  1.35618341824919	  8.51077614811443
  1.36729967577582	  8.52765540089014
  1.37841593330245	  8.53551577770732
  1.38953219082909	  8.45020619590125
  1.40064844835572	  8.29692357827027
  1.41176470588235	  8.10983260648920
  1.42288096340899	  7.92706718969708
  1.43399722093562	  7.78409775413697
  1.44511347846225	  7.70738343550216
  1.45622973598888	  7.70544507571609
  1.46734599351552	  7.61454777001370
  1.47846225104215	  7.45150620490144
  1.48957850856878	  7.24569293701395
  1.50069476609541	  7.03243042893671
  1.51181102362205	  6.84713176756733
  1.52292728114868	  6.71842772214672
  1.53404353867531	  6.68055668620752
  1.54515979620195	  6.58248335158292
  1.55627605372858	  6.41425537935128
  1.56739231125521	  6.20132495891186
  1.57850856878184	  5.97663037281575
  1.58962482630848	  5.77490864217377
  1.60074108383511	  5.62588129793189
  1.61185734136174	  5.54893239859093
  1.62297359888837	  5.44793183615335
  1.63408985641501	  5.27876221640774
  1.64520611394164	  5.06442978676757
  1.65632237146827	  4.83689897076773
  1.66743862899491	  4.63122044970932
  1.67855488652154	  4.47891673855981
  1.68967114404817	  4.40206459284002
  1.70078740157480	  4.31703883952752
  1.71190365910144	  4.16126950568500
  1.72301991662807	  3.95598637633764
  1.73413617415470	  3.73299562221237
  1.74525243168133	  3.52892108506826
  1.75636868920797	  3.37852608976199
  1.76748494673460	  3.30823684480765
  1.77860120426123	  3.27406618686306
  1.78971746178786	  3.16168254218647
  1.80083371931450	  2.98908215901379
  1.81194997684113	  2.78715508386225
  1.82306623436776	  2.59392992786531
  1.83418249189440	  2.44815242003003
  1.84529874942103	  2.38212806585661
  1.85641500694766	  2.42665610910202
  1.86753126447429	  2.40001574881413
  1.87864752200093	  2.29837891436024
  1.88976377952756	  2.14881389385091
  1.90088003705419	  1.98838501683200
  1.91199629458082	  1.85843760177178
  1.92311255210746	  1.79702750146003
  1.93422880963409	  1.83375889001631
  1.94534506716072	  1.95468569161889
  1.95646132468736	  1.97067659499365
  1.96757758221399	  1.91641334381566
  1.97869383974062	  1.82550287989715
  1.98981009726725	  1.75650373244458
  2.00092635479389	  1.72097057279205
  2.01204261232052	  1.75534633308520
  2.02315886984715	  1.88173397870743
  2.03427512737378	  2.02558349508920
  2.04539138490042	  2.07574206185849
  2.05650764242705	  2.05203455114090
  2.06762389995368	  1.98878558200331
  2.07874015748031	  1.92487179489443
  2.08985641500695	  1.89872875865799
  2.10097267253358	  1.94314890804331
  2.11208893006021	  2.07647842679497
  2.12320518758685	  2.21947187892642
  2.13432144511348	  2.27597242076121
  2.14543770264011	  2.26533275513208
  2.15655396016674	  2.44678150750069
  2.16767021769338	  2.58263351540439
  2.17878647522001	  2.71818215462572
  2.18990273274664	  2.85392937060172
  2.20101899027327	  2.98954626970836
  2.21213524779991	  3.12524873752928
  2.22325150532654	  3.26089491299582
  2.23436776285317	  3.39657816453618
  2.24548402037981	  3.53223695811033
  2.25660027790644	  3.66791191138172
  2.26771653543307	  3.80357617381318
  2.27883279295970	  3.93924752341466
  2.28994905048634	  4.07491417092842
  2.30106530801297	  4.21058394695558
  2.31218156553960	  4.34625164202124
  2.32329782306623	  4.48192072757545
  2.33441408059287	  4.61758888666054
  2.34553033811950	  4.75325766692218
  2.35664659564613	  4.88892603223055
  2.36776285317277	  5.02459467825438
  2.37887911069940	  5.16026313766664
  2.38999536822603	  5.29593172489889
  2.40111162575266	  5.43160022806701
  2.41222788327930	  5.56726879017137
  2.42334414080593	  5.70293731456030
  2.43446039833256	  5.83860586665608
  2.44557665585919	  5.97427440211533
  2.45669291338583	  6.10994295103750
  2.46780917091246	  6.24561149296716
  2.47892542843909	  6.38128004182580
  2.49004168596572	  6.51694858812965
  2.50115794349236	  6.65261713834936
  2.51227420101899	  6.78828568806758
  2.52339045854562	  6.92395424030560
  2.53450671607226	  7.05962279299732
  2.54562297359889	  7.19529134755947
  2.55673923112552	  7.33095990302216
  2.56785548865215	  7.46662846005241
  2.57897174617879	  7.60229701819359
  2.59008800370542	  7.73796557776101
  2.60120426123205	  7.87363413853926
  2.61232051875868	  8.00930270067808
  2.62343677628532	  8.14497126407580
  2.63455303381195	  8.28063982880397
  2.64566929133858	  8.41630839481472
  2.65678554886522	  8.59797277504200
  2.66790180639185	  8.66645737948638
  2.67901806391848	  8.81599636778373
  2.69013432144511	  8.94507594731122
  2.70125057897175	  8.99169760291871
  2.71236683649838	  8.97384978205847
  2.72348309402501	  8.92208242068270
  2.73459935155164	  8.87241626465277
  2.74571560907828	  8.86110378421480
  2.75683186660491	  8.91996786843615
  2.76794812413154	  9.06771882421878
  2.77906438165817	  9.19201589082294
  2.79018063918481	  9.22968505835808
  2.80129689671144	  9.20177630164278
  2.81241315423807	  9.14273255110898
  2.82352941176471	  9.09136965626014
  2.83464566929134	  9.05861999837954
  2.84576192681797	  9.09249937950812
  2.85687818434460	  9.22748998087578
  2.86799444187124	  9.27926902969048
  2.87911069939787	  9.23672337439702
  2.89022695692450	  9.12780631190823
  2.90134321445113	  8.98864815104857
  2.91245947197777	  8.85892755783074
  2.92357572950440	  8.77466577283469
  2.93469198703103	  8.76228855876512
  2.94580824455767	  8.82176796375285
  2.95692450208430	  8.77372151633770
  2.96804075961093	  8.64627540512469
  2.97915701713756	  8.47055231410455
  2.99027327466420	  8.28381524343343
  3.00138953219083	  8.12361996202659
  3.01250578971746	  8.02067282522545
  3.02362204724409	  7.99383664164924
  3.03473830477073	  7.94006523180115
  3.04585456229736	  7.80512032095767
  3.05697081982399	  7.61404156364235
  3.06808707735063	  7.40058406251453
  3.07920333487726	  7.20103666309436
  3.09031959240389	  7.04758872136062
  3.10143584993052	  6.96251905774218
  3.11255210745716	  6.89940037878799
  3.12366836498379	  6.75893000977546
  3.13478462251042	  6.56159556609712
  3.14590088003705	  6.33808281797746
  3.15701713756369	  6.12315749474828
  3.16813339509032	  5.94942288039970
  3.17924965261695	  5.84106484965423
  3.19036591014358	  5.78826475491544
  3.20148216767022	  5.64588263690360
  3.21259842519685	  5.44713193831963
  3.22371468272348	  5.22109626010042
  3.23483094025012	  5.00212769782448
  3.24594719777675	  4.82400392626611
  3.25706345530338	  4.71318084376404
  3.26817971283001	  4.66859451901576
  3.27929597035665	  4.53952975919303
  3.29041222788328	  4.35069287730521
  3.30152848540991	  4.13026621809593
  3.31264474293654	  3.91340368720358
  3.32376100046318	  3.73638287515782
  3.33487725798981	  3.62951767477563
  3.34599351551644	  3.61546961071538
  3.35710977304308	  3.53102339748595
  3.36822603056971	  3.37758149013783
  3.37934228809634	  3.18147819870559
  3.39045854562297	  2.97835125338128
  3.40157480314961	  2.80743191420642
  3.41269106067624	  2.70416300939478
  3.42380731820287	  2.69403788723852
  3.43492357572950	  2.69828916022328
  3.44603983325614	  2.61999760287133
  3.45715609078277	  2.48184933652161
  3.46827234830940	  2.31765779649766
  3.47938860583603	  2.16778351861196
  3.49050486336267	  2.07235152789422
  3.50162112088930	  2.06413833603241
  3.51273737841593	  2.17628198347862
  3.52385363594257	  2.21908553432566
  3.53496989346920	  2.18308063104718
  3.54608615099583	  2.09703075039933
  3.55720240852246	  1.99841204017797
  3.56831866604910	  1.94609085910656
  3.57943492357573	  1.95177069669439
  3.59055118110236	  2.04211871270470
  3.60166743862899	  2.22377672358583
  3.61278369615563	  2.30674578077545
  3.62389995368226	  2.30770035589684
  3.63501621120889	  2.25427602634979
  3.64613246873553	  2.18544031134115
  3.65724872626216	  2.14084303609853
  3.66836498378879	  2.15677536184159
  3.67948124131542	  2.25622431961209
  3.69059749884206	  2.43788333584663
  3.70171375636869	  2.52322384502396
  3.71283001389532	  2.53356156337686
  3.72394627142195	  2.49499676800100
  3.73506252894859	  2.67637768707882
  3.74617878647522	  2.81226312521528
  3.75729504400185	  2.94778992192603
  3.76841130152849	  3.08355155090993
  3.77952755905512	  3.21915898181735
  3.79064381658175	  3.35486770613878
  3.80176007410838	  3.49050975645658
  3.81287633163502	  3.62619574215728
  3.82399258916165	  3.76185272861496
  3.83510884668828	  3.89752888522883
  3.84622510421491	  4.03319235183754
  3.85734136174155	  4.16886423528809
  3.86845761926818	  4.30453053087908
  3.87957387679481	  4.44020054610605
  3.89069013432144	  4.57586808536002
  3.90180639184808	  4.71153727833427
  3.91292264937471	  4.84720536726816
  3.92403890690134	  4.98287419757378
  3.93515516442798	  5.11854253281548
  3.94627142195461	  5.25421120274622
  3.95738767948124	  5.38987964964985
  3.96850393700787	  5.52554824898336
  3.97962019453451	  5.66121674760108
  3.99073645206114	  5.79688531644195
  4.00185270958777	  5.93255383991044
  4.01296896711441	  6.06822239629117
  4.02408522464104	  6.20389093249620
  4.03520148216767	  6.33955948457753
  4.04631773969430	  6.47522802802284
  4.05743399722094	  6.61089657952174
  4.06855025474757	  6.74656512769960
  4.07966651227420	  6.88223368032007
  4.09078276980083	  7.01790223208075
  4.10189902732747	  7.15357078660933
  4.11301528485410	  7.28923934142385
  4.12413154238073	  7.42490789822647
  4.13524779990736	  7.56057645585124
  4.14636405743400	  7.69624501509996
  4.15748031496063	  7.83191357542329
  4.16859657248726	  7.96758213720035
  4.17971283001390	  8.10325070017179
  4.19082908754053	  8.23891926451763
  4.20194534506716	  8.37458783011533
  4.21306160259379	  8.51025639705083
  4.22417786012043	  8.64592496526633
  4.23529411764706	  8.82758930097274
  4.24641037517369	  8.94739328997618
  4.25752663270032	  9.10789876797833
  4.26864289022696	  9.18325554171272
  4.27975914775359	  9.18737427044555
  4.29087540528022	  9.14494993681269
  4.30199166280685	  9.09104390557188
  4.31310792033349	  9.06246877004500
  4.32422417786012	  9.09357930853665
  4.33534043538675	  9.20734889533326
  4.34645669291339	  9.36643699927690
  4.35757295044002	  9.43439966404127
  4.36868920796665	  9.42710683220896
  4.37980546549328	  9.37537824704159
  4.39092172301992	  9.31648792093968
  4.40203798054655	  9.28934957525217
  4.41315423807318	  9.30067786240839
  4.42427049559982	  9.38985815605243
  4.43538675312645	  9.48537273780623
  4.44650301065308	  9.48022316695076
  4.45761926817971	  9.39678397415249
  4.46873552570635	  9.26840928900329
  4.47985178323298	  9.13416500340819
  4.49096804075961	  9.03234714787962
  4.50208429828624	  8.99375899340202
  4.51320055581288	  9.03756853828165
  4.52431681333951	  9.02984067211632
  4.53543307086614	  8.93341518075491
  4.54654932839277	  8.77507901179350
  4.55766558591941	  8.59044827204949
  4.56878184344604	  8.41792297101126
  4.57989810097267	  8.29173019176394
  4.59101435849931	  8.23604053999557
  4.60213061602594	  8.24025305684518
  4.61324687355257	  8.13794140984850
  4.62436313107920	  7.96744787230372
  4.63547938860584	  7.76005356571024
  4.64659564613247	  7.55174925765811
  4.65771190365910	  7.37737559849825
  4.66882816118573	  7.26382930623968
  4.67994441871237	  7.22888151044862
  4.69106067623900	  7.12002600150375
  4.70217693376563	  6.94388840237953
  4.71329319129226	  6.72781358227101
  4.72440944881890	  6.50557106585005
  4.73552570634553	  6.31156217312842
  4.74664196387216	  6.17405448108441
  4.75775822139880	  6.12186643418721
  4.76887447892543	  6.00948079588977
  4.77999073645206	  5.83159192633315
  4.79110699397869	  5.61322736610429
  4.80222325150533	  5.38713183862485
  4.81333950903196	  5.18813434007083
  4.82445576655859	  5.04628950574787
  4.83557202408522	  4.99950749921457
  4.84668828161186	  4.89973230839652
  4.85780453913849	  4.73219581035473
  4.86892079666512	  4.52040980126108
  4.88003705419176	  4.29715238268401
  4.89115331171839	  4.09899042688484
  4.90226956924502	  3.95923500422314
  4.91338582677165	  3.90192958901113
  4.92450208429829	  3.84712168364052
  4.93561834182492	  3.71708998058091
  4.94673459935155	  3.53256794219102
  4.95785085687818	  3.32603988729854
  4.96896711440482	  3.13593708885489
  4.98008337193145	  2.99990026768091
  4.99119962945808	  2.94790909707538
  5.00231588698471	  2.98656738124137
  5.01343214451135	  2.93483440811842
  5.02454840203798	  2.81331506719590
  5.03566465956461	  2.65164685530720
  5.04678091709125	  2.48814265183013
  5.05789717461788	  2.36389089584521
  5.06901343214451	  2.31514323582672
  5.08012968967114	  2.36833633109988
  5.09124594719778	  2.43971381150537
  5.10236220472441	  2.42611080900092
  5.11347846225104	  2.35044688730413
  5.12459471977767	  2.24719470029008
  5.13571097730431	  2.15716507083888
  5.14682723483094	  2.13647628384901
  5.15794349235757	  2.19284594804653
  5.16905974988421	  2.34500691481270
  5.18017600741084	  2.46315592667796
  5.19129226493747	  2.49140846831824
  5.20240852246410	  2.45308412748685
  5.21352477999074	  2.38482232276774
  5.22464103751737	  2.32640997853767
  5.23575729504400	  2.31538939045926
  5.24687355257063	  2.38210391389653
  5.25798981009727	  2.54166972467389
  5.26910606762390	  2.65836163446123
  5.28022232515053	  2.69214253607491
  5.29133858267717	  2.66573837960928
  5.30245484020380	  2.61308812476452
  5.31357109773043	  2.79449989791094
  5.32468735525706	  2.93037009516138
  5.33580361278370	  3.06590689701677
  5.34691987031033	  3.20166189490262
  5.35803612783696	  3.33727370606780
  5.36915238536359	  3.47297952485671
  5.38026864289023	  3.60862350404188
  5.39138490041686	  3.74430820833876
  5.40250115794349	  3.87996604981410
  5.41361741547012	  4.01564163792174
  5.42473367299676	  4.15130548636751
  5.43584993052339	  4.28697711633844
  5.44696618805002	  4.42264358396806
  5.45808244557666	  4.55831348586252
  5.46919870310329	  4.69398110231225
  5.48031496062992	  4.82965024447382
  5.49143121815655	  4.96531836954881
  5.50254747568319	  5.10098717730780
  5.51366373320982	  5.23665552967414
  5.52477999073645	  5.37232418987633
  5.53589624826308	  5.50799264525582
  5.54701250578972	  5.64366124070934
  5.55812876331635	  5.77932974384648
  5.56924502084298	  5.91499831149180
  5.58036127836962	  6.05066683766007
  5.59147753589625	  6.18633539408453
  5.60259379342288	  6.32200393214848
  5.61371005094951	  6.45767248484899
  5.62482630847615	  6.59334102976318
  5.63594256600278	  6.72900958215017
  5.64705882352941	  6.86467813161561
  5.65817508105604	  7.00034668525078
  5.66929133858268	  7.13601523821484
  5.68040759610931	  7.27168379381838
  5.69152385363594	  7.40735234979748
  5.70264011116257	  7.54302090770426
  5.71375636868921	  7.67868946647608
  5.72487262621584	  7.81435802684357
  5.73598888374247	  7.95002658830645
  5.74710514126911	  8.08569515121001
  5.75822139879574	  8.22136371531823
  5.76933765632237	  8.35703228079504
  5.78045391384900	  8.49270084752901
  5.79157017137564	  8.62836941559840
  5.80268642890227	  8.76403798495073
  5.81380268642890	  8.94570229773453
  5.82491894395553	  9.12747233851031
  5.83603520148217	  9.23269886394226
  5.84715145900880	  9.26070019104617
  5.85826771653543	  9.23189694145876
  5.86938397406207	  9.17883968573375
  5.88050023158870	  9.13765572644855
  5.89161648911533	  9.14467325935227
  5.90273274664196	  9.22633212318321
  5.91384900416860	  9.40796635507922
  5.92496526169523	  9.50843347262783
  5.93608151922186	  9.52704899858479
  5.94719777674849	  9.48788775068783
  5.95831403427513	  9.42705199083928
  5.96943029180176	  9.38362830773127
  5.98054654932839	  9.39514188569755
  5.99166280685503	  9.45799372063687
  6.00277906438166	  9.60010103606479
  6.01389532190829	  9.63667863823703
  6.02501157943492	  9.58374019980274
  6.03612783696156	  9.47208229621203
  6.04724409448819	  9.33912438820786
  6.05836035201482	  9.22443151668777
  6.06947660954145	  9.16236829092178
  6.08059286706809	  9.17778557005210
  6.09170912459472	  9.21369982139932
  6.10282538212135	  9.15274206277536
  6.11394163964798	  9.01757866752945
  6.12505789717462	  8.84124246079872
  6.13617415470125	  8.66185502287144
  6.14729041222788	  8.51624027511420
  6.15840666975452	  8.43321827662957
  6.16952292728115	  8.44322039402037
  6.18063918480778	  8.37709372794825
  6.19175544233441	  8.23265339358037
  6.20287169986105	  8.03744882533477
  6.21398795738768	  7.82629748575260
  6.22510421491431	  7.63551866475643
  6.23622047244094	  7.49594068805503
  6.24733672996758	  7.42763823475238
  6.25845298749421	  7.35321549553054
  6.26956924502084	  7.20326646639478
  6.28068550254748	  7.00059162726227
  6.29180176007411	  6.77713344275530
  6.30291801760074	  6.56786052152007
  6.31403427512737	  6.40434260330759
  6.32515053265401	  6.30882020880199
  6.33626679018064	  6.22863608196231
  6.34738304770727	  6.07610977549314
  6.35849930523390	  5.87121041703133
  6.36961556276054	  5.64421086133551
  6.38073182028717	  5.42978074381260
  6.39184807781380	  5.26067850690743
  6.40296433534044	  5.16144671457562
  6.41408059286707	  5.09246388322643
  6.42519685039370	  4.95022045421894
  6.43631310792033	  4.75262182266086
  6.44742936544697	  4.52928657239225
  6.45854562297360	  4.31583296967399
  6.46966188050023	  4.14761119893777
  6.48077813802686	  4.05294609628993
  6.49189439555350	  4.03497351431861
  6.50301065308013	  3.93160966535172
  6.51412691060676	  3.76387896515112
  6.52524316813339	  3.56023308852722
  6.53635942566003	  3.35719908727735
  6.54747568318666	  3.19352170594874
  6.55859194071329	  3.10278064595391
  6.56970819823993	  3.10896936412097
  6.58082445576656	  3.08587821389472
  6.59194071329319	  2.98552126456667
  6.60305697081982	  2.83221431984438
  6.61417322834646	  2.66146038241810
  6.62528948587309	  2.51403551126726
  6.63640574339972	  2.42880299179820
  6.64752200092635	  2.43737829308111
  6.65863825845299	  2.54241303850339
  6.66975451597962	  2.55581805640063
  6.68087077350625	  2.49562879583627
  6.69198703103289	  2.39374055662315
  6.70310328855952	  2.28915970772454
  6.71421954608615	  2.22345711135989
  6.72533580361278	  2.24863645146851
  6.73645206113942	  2.36374828544916
  6.74756831866605	  2.51872367665904
  6.75868457619268	  2.57799774494874
  6.76980083371931	  2.55982005677271
  6.78091709124595	  2.49769785965477
  6.79203334877258	  2.43055298224639
  6.80314960629921	  2.39776373008233
  6.81426586382585	  2.43367939756692
  6.82538212135248	  2.55837360999404
  6.83649837887911	  2.70843608058093
  6.84761463640574	  2.76928327983433
  6.85873089393238	  2.75957681723487
  6.86984715145901	  2.71099442986561
  6.88096340898564	  2.65911081028921
  6.89207966651227	  2.84053637003201
  6.90319592403891	  2.97639980589468
  6.91431218156554	  3.11194101580108
  6.92542843909217	  3.24769311406760
  6.93654469661880	  3.38330682632889
  6.94766095414544	  3.51901139382480
  6.95877721167207	  3.65465619714052
  6.96989346919870	  3.79034035828035
  6.98100972672534	  3.92599855919555
  6.99212598425197	  4.06167391022208
  7.00324224177860	  4.19733791654916
  7.01435849930523	  4.33300944254455
  7.02547475683187	  4.46867598012842
  7.03659101435850	  4.60434583629857
  7.04770727188513	  4.74001348402251
  7.05882352941176	  4.87568260601617
  7.06993978693840	  5.01135074531078
  7.08105604446503	  5.14701954426611
  7.09217230199166	  5.28268790326922
  7.10328855951829	  5.41835655973749
  7.11440481704493	  5.55402501836044
  7.12552107457156	  5.68969361235659
  7.13663733209819	  5.82536211720905
  7.14775358962483	  5.96103068442601
  7.15886984715146	  6.09669921161726
  7.16998610467809	  6.23236776808154
  7.18110236220472	  6.36803630685305
  7.19221861973136	  6.50370485980783
  7.20333487725799	  6.63937340528522
  7.21445113478462	  6.77504195802543
  7.22556739231126	  6.91071050798780
  7.23668364983789	  7.04637906202227
  7.24779990736452	  7.18204761545287
  7.25891616489115	  7.31771617147743
  7.27003242241779	  7.45338472790922
  7.28114867994442	  7.58905328624747
  7.29226493747105	  7.72472184546582
  7.30338119499768	  7.86039040627001
  7.31449745252432	  7.99605896817683
  7.32561371005095	  8.13172753151985
  7.33672996757758	  8.26739609607112
  7.34784622510421	  8.40306466198900
  7.35896248263085	  8.53873322916590
  7.37007874015748	  8.67440179767744
  7.38119499768411	  8.81007036747296
  7.39231125521075	  8.99173467131951
  7.40342751273738	  9.12779078414653
  7.41454377026401	  9.18211971794567
  7.42566002779064	  9.17099373919220
  7.43677628531728	  9.12356281734625
  7.44789254284391	  9.07466768765375
  7.45900880037054	  9.06019616206647
  7.47012505789717	  9.11233194894793
  7.48124131542381	  9.25088818496477
  7.49235757295044	  9.38517097085852
  7.50347383047707	  9.43181922903704
  7.51459008800370	  9.41001958366532
  7.52570634553034	  9.35279256265033
  7.53682260305697	  9.29827407286328
  7.54793886058360	  9.28451617206013
  7.55905511811024	  9.34394523927578
  7.57017137563687	  9.46392698754646
  7.58128763316350	  9.54310787933989
  7.59240389069013	  9.52517626173038
  7.60352014821677	  9.43574338620960
  7.61463640574340	  9.31001075559078
  7.62575266327003	  9.18753374685758
  7.63686892079667	  9.10550635922805
  7.64798517832330	  9.09235636053231
  7.65910143584993	  9.16574451062757
  7.67021769337656	  9.14383010793604
  7.68133395090320	  9.03713386357412
  7.69245020842983	  8.87513841601010
  7.70356646595646	  8.69466627636193
  7.71468272348309	  8.53409686158497
  7.72579898100973	  8.42614547689084
  7.73691523853636	  8.39248661563304
  7.74803149606299	  8.36517309717975
  7.75914775358962	  8.25157872587110
  7.77026401111626	  8.07440718910172
  7.78138026864289	  7.86646051002175
  7.79249652616952	  7.66433709097645
  7.80361278369616	  7.50199048060067
  7.81472904122279	  7.40446563610024
  7.82584529874942	  7.37249082038641
  7.83696155627605	  7.25289632051300
  7.84807781380269	  7.06925509071064
  7.85919407132932	  6.85070212404698
  7.87031032885595	  6.63167122833249
  7.88142658638258	  6.44606329582728
  7.89254284390922	  6.32054679824034
  7.90365910143585	  6.26912167281663
  7.91477535896248	  6.14556032474129
  7.92589161648911	  5.95950477284741
  7.93700787401575	  5.73774408862718
  7.94812413154238	  5.51374164461613
  7.95924038906901	  5.32188439687998
  7.97035664659565	  5.19067327695232
  7.98147290412228	  5.14232734856054
  7.99258916164891	  5.02839288375196
  8.00370541917554	  4.85005151703498
  8.01482167670218	  4.63276649593801
  8.02593793422881	  4.41021135725379
  8.03705419175544	  4.21862218175067
  8.04817044928208	  4.08974897587134
  8.05928670680871	  4.04513450765671
  8.07040296433534	  3.97059086122919
  8.08151922186197	  3.82423237943185
  8.09263547938860	  3.62935466038714
  8.10375173691524	  3.41978719285839
  8.11486799444187	  3.23409928113058
  8.12598425196850	  3.10858584095882
  8.13710050949514	  3.07073856183961
  8.14821676702177	  3.07891122012518
  8.15933302454840	  3.00338419193465
  8.17044928207503	  2.86387645762733
  8.18156553960167	  2.69218655279287
  8.19268179712830	  2.52764977138314
  8.20379805465493	  2.41070640802285
  8.21491431218156	  2.37556996266248
  8.22603056970820	  2.44532485375562
  8.23714682723483	  2.48639544380832
  8.24826308476146	  2.44622603774180
  8.25937934228810	  2.35138674040430
  8.27049559981473	  2.23833624502424
  8.28161185734136	  2.14854670888700
  8.29272811486799	  2.14468437773223
  8.30384437239463	  2.22417349443918
  8.31496062992126	  2.40579537584545
  8.32607688744789	  2.49905210219318
  8.33719314497453	  2.50714184201337
  8.34830940250116	  2.45663587387319
  8.35942566002779	  2.38615085335105
  8.37054191755442	  2.33596344911777
  8.38165817508106	  2.34376158987220
  8.39277443260769	  2.43421894622869
  8.40389069013432	  2.61586521444504
  8.41500694766095	  2.70688624445641
  8.42612320518759	  2.71960037780747
  8.43723946271422	  2.67986650577837
  8.44835572024085	  2.62361363931325
  8.45947197776749	  2.58720209068241
  8.47058823529412	  2.72270056316537
  8.48170449282075	  2.85848058077909
  8.49282075034738	  2.99407613466499
  8.50393700787401	  3.12979256221331
  8.51505326540065	  3.26542962045545
  8.52616952292728	  3.40111884393549
  8.53728578045391	  3.53677372517244
  8.54840203798055	  3.67245124687803
  8.55951829550718	  3.80811382175161
  8.57063455303381	  3.94378628219096
  8.58175081056044	  4.07945219770982
  8.59286706808708	  4.21512245701003
  8.60398332561371	  4.35078983268975
  8.61509958314034	  4.48645912979965
  8.62621584066697	  4.62212714867872
  8.63733209819361	  4.75779602214428
  8.64844835572024	  4.89346432551721
  8.65956461324687	  5.02913301288437
  8.67068087077351	  5.16480144477348
  8.68179712830014	  5.30047005047770
  8.69291338582677	  5.43613854134822
  8.70402964335340	  5.57180711177243
  8.71514590088004	  5.70747563064417
  8.72626215840667	  5.84314418652407
  8.73737841593330	  5.97881271950537
  8.74849467345994	  6.11448127017206
  8.75961093098657	  6.25014981099485
  8.77072718851320	  6.38581836067505
  8.78184344603983	  6.52148690649444
  8.79295970356647	  6.65715545711549
  8.80407596109310	  6.79282400663354
  8.81519221861973	  6.92849255908046
  8.82630847614636	  7.06416111170262
  8.83742473367300	  7.19982966638508
  8.84854099119963	  7.33549822183855
  8.85965724872626	  7.47116677894812
  8.87077350625290	  7.60683533710811
  8.88188976377953	  7.74250389673582
  8.89300602130616	  7.87817245754599
  8.90412227883279	  8.01384101973623
  8.91523853635942	  8.14950958317204
  8.92635479388606	  8.28517814794750
  8.93747105141269	  8.42084671399927
  8.94858730893932	  8.55651528137248
  8.95970356646596	  8.69218385003748
  8.97081982399259	  8.87384817676386
  8.98193608151922	  8.95656067834974
  8.99305233904585	  8.96775425153366
  9.00416859657249	  8.93056940644681
  9.01528485409912	  8.87882417376693
  9.02640111162575	  8.84860351271933
  9.03751736915238	  8.87437854012257
  9.04863362667902	  8.97988927993539
  9.05974988420565	  9.16155325049494
  9.07086614173228	  9.23897342689792
  9.08198239925892	  9.24025206390151
  9.09309865678555	  9.19203130859523
  9.10421491431218	  9.13186828339200
  9.11533117183881	  9.09866485753718
  9.12644742936545	  9.12808786954807
  9.13756368689208	  9.24319958902187
  9.14867994441871	  9.36667101417043
  9.15979620194535	  9.38857787853722
  9.17091245947198	  9.32670693804520
  9.18202871699861	  9.21414903925528
  9.19314497452524	  9.08952011742472
  9.20426123205188	  8.99179911375541
  9.21537748957851	  8.95349037648403
  9.22649374710514	  8.99620760692553
  9.23761000463177	  9.01715061078291
  9.24872626215841	  8.94380076229434
  9.25984251968504	  8.80202208226867
  9.27095877721167	  8.62659135606787
  9.28207503473830	  8.45619474064043
  9.29319129226494	  8.32667039559172
  9.30430754979157	  8.26471005175959
  9.31542380731820	  8.27966432056891
  9.32654006484484	  8.20100811747585
  9.33765632237147	  8.04754588785611
  9.34877257989810	  7.84902224350502
  9.35988883742473	  7.64125987699646
  9.37100509495137	  7.46031511927638
  9.38212135247800	  7.33551589437587
  9.39323761000463	  7.28455548558135
  9.40435386753127	  7.19859262788148
  9.41547012505790	  7.03930047980671
  9.42658638258453	  6.83172950426812
  9.43770264011116	  6.60893645319322
  9.44881889763779	  6.40593957925578
  9.45993515516443	  6.25312183972536
  9.47105141269106	  6.17067428554437
  9.48216767021769	  6.07871932145771
  9.49328392774433	  5.91637761478827
  9.50440018527096	  5.70579155840253
  9.51551644279759	  5.47838304800312
  9.52663270032422	  5.26892891793060
  9.53774895785086	  5.10907273099437
  9.54886521537749	  5.02133135109163
  9.55998147290412	  4.93768210080339
  9.57109773043075	  4.78299269380912
  9.58221398795739	  4.57750576377451
  9.59333024548402	  4.35215719645303
  9.60444650301065	  4.14280769036979
  9.61556276053729	  3.98373213530660
  9.62667901806392	  3.90114032612880
  9.63779527559055	  3.85670481211878
  9.64891153311718	  3.73543302294487
  9.66002779064382	  3.55480850009871
  9.67114404817045	  3.34505266472557
  9.68226030569708	  3.14342132319676
  9.69337656322372	  2.98787196362072
  9.70449282075035	  2.90997228309282
  9.71560907827698	  2.93587341501954
  9.72672533580361	  2.88791915407620
  9.73784159333024	  2.76709232141901
  9.74895785085688	  2.60056827853533
  9.76007410838351	  2.42523889316290
  9.77119036591014	  2.28198056899121
  9.78230662343678	  2.20810018354749
  9.79342288096341	  2.23232278339585
  9.80453913849004	  2.30253111210979
  9.81565539601667	  2.28617497733738
  9.82677165354331	  2.20379196729758
  9.83788791106994	  2.08839675089969
  9.84900416859657	  1.98027215737621
  9.86012042612320	  1.92051802857183
  9.87123668364984	  1.96666279951253
  9.88235294117647	  2.10704759062980
  9.89346919870310	  2.23634814040679
  9.90458545622974	  2.27328864096637
  9.91570171375637	  2.23963175310239
  9.92681797128300	  2.17142582507553
  9.93793422880963	  2.10868180029834
  9.94905048633627	  2.09009545836442
  9.96016674386290	  2.14772116139638
  9.97128300138953	  2.29845832587409
  9.98239925891617	  2.42204575669205
  9.99351551644280	  2.45967070761872
 10.00463177396943	  2.43345264767808
 10.01574803149606	  2.37755654224623
 10.02686428902270	  2.32866881512931
 10.03798054654933	  2.51009499430582
 10.04909680407596	  2.64595810056026
 10.06021306160259	  2.78149949938473
 10.07132931912923	  2.91725148299557
 10.08244557665586	  3.05286525563139
 10.09356183418249	  3.18856978493180
 10.10467809170912	  3.32421460367877
 10.11579434923576	  3.45989875235322
 10.12691060676239	  3.59555695400952
 10.13802686428902	  3.73123230037325
 10.14914312181565	  3.86689630318826
 10.16025937934229	  4.00256782635029
 10.17137563686892	  4.13823435949003
 10.18249189439555	  4.27390421286980
 10.19360815192219	  4.40957185744803
 10.20472440944882	  4.54524097793081
 10.21584066697545	  4.68090911360006
 10.22695692450209	  4.81657790983069
 10.23807318202872	  4.95224626540915
 10.24918943955535	  5.08791491898082
 10.26030569708198	  5.22358337430775
 10.27142195460861	  5.35925196530045
 10.28253821213525	  5.49492046693074
 10.29365446966188	  5.63058903108158
 10.30477072718851	  5.76625755508986
 10.31588698471515	  5.90192610845194
 10.32700324224178	  6.03759464405957
 10.33811949976841	  6.17326319389105
 10.34923575729504	  6.30893173621257
 10.36035201482168	  6.44460028581651
 10.37146827234831	  6.58026883262510
 10.38258452987494	  6.71593738351460
 10.39370078740157	  6.85160593379039
 10.40481704492821	  6.98727448666350
 10.41593330245484	  7.12294303993787
 10.42704955998147	  7.25861159511931
 10.43816581750811	  7.39428015117682
 10.44928207503474	  7.52994870881939
 10.46039833256137	  7.66561726756154
 10.47151459008800	  7.80128582773843
 10.48263084761464	  7.93695438912098
 10.49374710514127	  8.07262295186834
 10.50486336266790	  8.20829151587238
 10.51597962019454	  8.34396008120908
 10.52709587772117	  8.47962864782752
 10.53821213524780	  8.66129301578261
 10.54932839277443	  8.77349443316043
 10.56044465030106	  8.80865715487914
 10.57156090782770	  8.78590009675530
 10.58267716535433	  8.73625260996551
 10.59379342288096	  8.69498232961425
 10.60490968040760	  8.69815500071342
 10.61602593793423	  8.77271733363688
 10.62714219546086	  8.95433702741352
 10.63825845298749	  9.06438590341265
 10.64937471051413	  9.09115413957670
 10.66049096804076	  9.05701680926454
 10.67160722556739	  8.99680942376821
 10.68272348309402	  8.94918330324043
 10.69383974062066	  8.95224228564877
 10.70495599814729	  9.03316300751573
 10.71607225567392	  9.21479350537729
 10.72718851320056	  9.27814474613497
 10.73830477072719	  9.24860044038804
 10.74942102825382	  9.15511575770201
 10.76053728578045	  9.03423510552864
 10.77165354330709	  8.92578171063811
 10.78276980083372	  8.86542336141694
 10.79388605836035	  8.88020949872181
 10.80500231588699	  8.96004399358332
 10.81611857341362	  8.92422818427073
 10.82723483094025	  8.80834389690119
 10.83835108846688	  8.64424034452487
 10.84946734599352	  8.46976656991001
 10.86058360352015	  8.32292532927892
 10.87169986104678	  8.23468751846266
 10.88281611857341	  8.22400816448749
 10.89393237610005	  8.18346371556638
 10.90504863362668	  8.05901970332912
 10.91616489115331	  7.87605497298407
 10.92728114867994	  7.66881260038389
 10.93839740620658	  7.47420291930660
 10.94951366373321	  7.32510806385010
 10.96062992125984	  7.24450777493062
 10.97174617878647	  7.19472919038378
 10.98286243631311	  7.06447815121525
 10.99397869383974	  6.87388237571216
 11.00509495136637	  6.65360861375320
 11.01621120889301	  6.43866835629061
 11.02732746641964	  6.26222828768054
 11.03844372394627	  6.14924924316214
 11.04955998147291	  6.09868610281656
 11.06067623899954	  5.96425696872852
 11.07179249652617	  5.77060690471438
 11.08290875405280	  5.54616772506311
 11.09402501157943	  5.32495596970817
 11.10514126910607	  5.14075693336348
 11.11625752663270	  5.02039085456537
 11.12737378415933	  4.97058685508534
 11.13849004168597	  4.84319878483358
 11.14960629921260	  4.65501618380196
 11.16072255673923	  4.43329315468312
 11.17183881426586	  4.21240244056015
 11.18295507179250	  4.02805204230991
 11.19407132931913	  3.91027848943633
 11.20518758684576	  3.88394984466989
 11.21630384437239	  3.79067872085036
 11.22742010189903	  3.62938215293381
 11.23853635942566	  3.42575438877137
 11.24965261695229	  3.21469780466321
 11.26076887447893	  3.03466558932046
 11.27188513200556	  2.92036831106013
 11.28300138953219	  2.89666828853846
 11.29411764705882	  2.87804584400930
 11.30523390458546	  2.78023890699330
 11.31635016211209	  2.62470781220733
 11.32746641963872	  2.44515123398047
 11.33858267716536	  2.28158107543811
 11.34969893469199	  2.17347128513173
 11.36081519221862	  2.15273050772124
 11.37193144974525	  2.24218057534841
 11.38304770727188	  2.25401772188044
 11.39416396479852	  2.18911460161859
 11.40528022232515	  2.07747669330213
 11.41639647985178	  1.95719565163577
 11.42751273737842	  1.87001923207936
 11.43862899490505	  1.85382092128700
 11.44974525243168	  1.95728120446567
 11.46086150995831	  2.13897467298827
 11.47197776748495	  2.20831598666001
 11.48309402501158	  2.19664728898623
 11.49421028253821	  2.13648757497997
 11.50532654006484	  2.06662585504982
 11.51644279759148	  2.02728709119339
 11.52755905511811	  2.05438064820056
 11.53867531264474	  2.16975154012236
 11.54979157017137	  2.32781312865790
 11.56090782769801	  2.39398873008462
 11.57202408522464	  2.38603007857981
 11.58314034275127	  2.33551993181267
 11.59425660027791	  2.27863613063910
 11.60537285780454	  2.25170992729887
 11.61648911533117	  2.43317191807739
 11.62760537285781	  2.56901745117685
 11.63872163038444	  2.70457029684578
 11.64983788791107	  2.84031475652903
 11.66095414543770	  2.97593345493666
 11.67207040296434	  3.11163474267624
 11.68318666049097	  3.24728169117923
 11.69430291801760	  3.38296443460750
 11.70541917554423	  3.51862356197211
 11.71653543307087	  3.65429829516176
 11.72765169059750	  3.78996270248823
 11.73876794812413	  3.92563395614815
 11.74988420565076	  4.06130066688895
 11.76100046317740	  4.19697040078352
 11.77211672070403	  4.33263812356358
 11.78323297823066	  4.46830719044764
 11.79434923575729	  4.60397536170750
 11.80546549328393	  4.73964413361959
 11.81658175081056	  4.87531250429046
 11.82769800833719	  5.01098114651225
 11.83881426586383	  5.14664960825737
 11.84993052339046	  5.28231819370880
 11.86104678091709	  5.41798669785866
 11.87216303844372	  5.55365525908639
 11.88327929597036	  5.68932378385052
 11.89439555349699	  5.82499233547672
 11.90551181102362	  5.96066087103708
 11.91662806855025	  6.09632941967403
 11.92774432607689	  6.23199796158013
 11.93886058360352	  6.66136126565973
 11.94997684113015	  7.09231475126255
 11.96109309865679	  7.52223170628632
 11.97220935618342	  7.95282383533762
 11.98332561371005	  8.38297508093776
 11.99444187123668	  8.81341447209072
 12.00555812876332	  9.24366527149245
 12.01667438628995	  9.67403975448265
 12.02779064381658	 10.10433309073481
 12.03890690134321	 10.53467985550851
 12.05002315886985	 10.96499149551652
 12.06113941639648	 11.59526467471769
 12.07225567392311	 12.22713904842143
 12.08337193144975	 12.85797451938426
 12.09448818897638	 13.19546062519473
 12.10560444650301	 13.53143314387338
 12.11672070402964	 13.91436998827011
 12.12783696155628	 14.17814021872917
 12.13895321908291	 14.37799202518475
 12.15006947660954	 14.54035068946458
 12.16118573413617	 14.69820329283650
 12.17230199166281	 14.88620476285924
 12.18341824918944	 15.13511454786605
 12.19453450671607	 15.46678246768659
 12.20565076424271	 15.81193149983598
 12.21676702176934	 16.07014006968763
 12.22788327929597	 16.05752883168652
 12.23899953682260	 16.00562697610272
 12.25011579434924	 15.95205540452439
 12.26123205187587	 15.93400450378246
 12.27234830940250	 15.98474016840187
 12.28346456692913	 16.12399869346498
 12.29458082445577	 16.25648405000442
 12.30569708198240	 16.26683404047226
 12.31681333950903	 16.20099172994126
 12.32792959703566	 16.09363235742583
 12.33904585456230	 15.98354325472484
 12.35016211208893	 15.90835020311560
 12.36127836961556	 15.89791850279216
 12.37239462714219	 15.98667910571296
 12.38351088466883	 15.99484742395763
 12.39462714219546	 15.91343796758430
 12.40574339972209	 15.77087502994296
 12.41685965724873	 15.60287723643179
 12.42797591477536	 15.44791492921041
 12.43909217230199	 15.34005269849334
 12.45020842982863	 15.30330387658566
 12.46132468735526	 15.32525979569089
 12.47244094488189	 15.23786391260110
 12.48355720240852	 15.08069924577718
 12.49467345993516	 14.88512990857205
 12.50578971746179	 14.68726609251186
 12.51690597498842	 14.52218680145283
 12.52802223251505	 14.41713038056755
 12.53913849004169	 14.39485642365048
 12.55025474756832	 14.30103921512876
 12.56137100509495	 14.13745073448550
 12.57248726262158	 13.93097608782045
 12.58360352014822	 13.71513037785473
 12.59471977767485	 13.52434896070906
 12.60583603520148	 13.38725049444868
 12.61695229272812	 13.32162253828142
 12.62806855025475	 13.22185059738029
 12.63918480778138	 13.05488438787274
 12.65030106530801	 12.84461183852018
 12.66141732283464	 12.62301503919769
 12.67253358036128	 12.42434005103313
 12.68364983788791	 12.27855506459915
 12.69476609541454	 12.20577818572053
 12.70588235294118	 12.11172977113490
 12.71699861046781	 11.95010048513253
 12.72811486799444	 11.74303329652405
 12.73923112552107	 11.52216347114750
 12.75034738304771	 11.32290592787231
 12.76146364057434	 11.17783513127873
 12.77257989810097	 11.11060452147487
 12.78369615562761	 11.05014441863697
 12.79481241315424	 10.91648203544151
 12.80592867068087	 10.72948580348474
 12.81704492820750	 10.52052394705870
 12.82816118573414	 10.32677724283016
 12.83927744326077	 10.18467984503743
 12.85039370078740	 10.12318770589500
 12.86150995831403	 10.14544462024564
 12.87262621584067	 10.07718347340565
 12.88374247336730	  9.94200153712583
 12.89485873089393	  9.76913753088745
 12.90597498842057	  9.59613384110079
 12.91709124594720	  9.46301715875956
 12.92820750347383	  9.40480057511545
 12.93932376100046	  9.44659059341041
 12.95044001852709	  9.48850223418797
 12.96155627605373	  9.44826136254484
 12.97267253358036	  9.34965257018949
 12.98378879110699	  9.22738476161700
 12.99490504863363	  9.12206968934656
 13.00602130616026	  9.07339979447870
 13.01713756368689	  9.11430900957165
 13.02825382121353	  9.29589849533478
 13.03937007874016	  9.40123033682570
 13.05048633626679	  9.41947106745410
 13.06160259379342	  9.37585321859395
 13.07271885132006	  9.30776806651143
 13.08383510884669	  9.25543160036471
 13.09495136637332	  9.25716372936981
 13.10606762389995	  9.33927696724773
 13.11718388142659	  9.52090902372959
 13.12830013895322	  9.61960002283702
 13.13941639647985	  9.63762104628806
 13.15053265400648	  9.60033020803880
 13.16164891153312	  9.54331604565790
 13.17276516905975	  9.50345661627377
 13.18388142658638	  9.51500180062956
 13.19499768411301	  9.69653731986885
 13.20611394163965	  9.83234798816415
 13.21723019916628	  9.96792374928330
 13.22834645669291	 10.10365321820758
 13.23946271421955	 10.23928188459512
 13.25057897174618	 10.37497670731800
 13.26169522927281	 10.51062803696104
 13.27281148679944	 10.64630799669445
 13.28392774432608	 10.78196908272218
 13.29504400185271	 10.91764263162698
 13.30616025937934	 11.05330794128146
 13.31727651690598	 11.18897870980734
 13.32839277443261	 11.32464585937972
 13.33950903195924	 11.46031541559011
 13.35062528948587	 11.59598337241699
 13.36174154701251	 11.73165239754124
 13.37285780453914	 11.86732071161952
 13.38397406206577	 12.00298950341523
 13.39509031959240	 12.13865797743725
 13.40620657711904	 12.27432666687304
 13.41732283464567	 12.40999521377686
 13.42843909217230	 12.54566385883248
 13.43955534969894	 12.68133243995342
 13.45067160722557	 12.81700106646525
 13.46178786475220	 12.95266966452101
 13.47290412227883	 13.08833828407819
 13.48402037980546	 13.22400689129495
 13.49513663733210	 13.35967550913039
 13.50625289485873	 13.49534412199025
 13.51736915238536	 13.63101274048265
 13.52848540991200	 13.76668135738492
 13.53960166743863	 13.90234997762312
 13.55071792496526	 14.03801859783627
 13.56183418249189	 14.17368722032260
 13.57295044001853	 14.30935584351152
 13.58406669754516	 14.44502446847998
 13.59518295507179	 14.58069309449142
 13.60629921259843	 14.71636172205263
 13.61741547012506	 14.85203035081720
 13.62853172765169	 14.98769898102469
 13.63964798517832	 15.12336761251191
 13.65076424270496	 15.25903624539271
 13.66188050023159	 15.39470487959023
 13.67299675775822	 15.53037351515896
 13.68411301528485	 15.66604215206289
 13.69522927281149	 15.84770510167101
 13.70634553033812	 15.86801791826040
 13.71746178786475	 15.83897645369025
 13.72857804539139	 15.79322759420642
 13.73969430291802	 15.76506167260229
 13.75081056044465	 15.78854625612706
 13.76192681797128	 15.88772624236505
 13.77304307549791	 16.06940121498051
 13.78415933302455	 16.15710855538701
 13.79527559055118	 16.16795051276190
 13.80639184807781	 16.12688632585399
 13.81750810560445	 16.06969751352805
 13.82862436313108	 16.03448337953180
 13.83974062065771	 16.05697688717453
 13.85085687818435	 16.16158332490316
 13.86197313571098	 16.34324721367015
 13.87308939323761	 16.39291172412299
 13.88420565076424	 16.35633166026096
 13.89532190829088	 16.26459395828381
 13.90643816581751	 16.15498293644152
 13.91755442334414	 16.06651559104376
 13.92867068087077	 16.03263573095429
 13.93978693839741	 16.07679694523013
 13.95090319592404	 16.12716533432189
 13.96201945345067	 16.08105032099473
 13.97313571097730	 15.96145745134163
 13.98425196850394	 15.80167854045811
 13.99536822603057	 15.63991936817268
 14.00648448355720	 15.51288376912882
 14.01760074108383	 15.44919296344039
 14.02871699861047	 15.47747391248753
 14.03983325613710	 15.42686237237157
 14.05094951366373	 15.29642295454200
 14.06206577119037	 15.11379909250764
 14.07318202871700	 14.91391546328845
 14.08429828624363	 14.73328489114761
 14.09541454377026	 14.60301849744673
 14.10653080129690	 14.54357792436971
 14.11764705882353	 14.48509190968507
 14.12876331635016	 14.34883338433640
 14.13987957387680	 14.15708839882220
 14.15099583140343	 13.94150593215937
 14.16211208893006	 13.73697718457395
 14.17322834645669	 13.57531923554386
 14.18434460398333	 13.47930598342029
 14.19546086150996	 13.41248697025310
 14.20657711903659	 13.27194222514378
 14.21769337656322	 13.07656616594207
 14.22880963408986	 12.85576686516636
 14.23992589161649	 12.64355064442216
 14.25104214914312	 12.47242986354080
 14.26215840666976	 12.36710720826478
 14.27327466419639	 12.31916528124359
 14.28439092172302	 12.18344311454352
 14.29550717924965	 11.99156254004299
 14.30662343677628	 11.77201614913360
 14.31773969430292	 11.55918797261420
 14.32885595182955	 11.38758710360145
 14.33997220935618	 11.28499795277661
 14.35108846688282	 11.25801257080560
 14.36220472440945	 11.15100242555358
 14.37332098193608	 10.98107692719855
 14.38443723946271	 10.77561698802118
 14.39555349698935	 10.56992883897763
 14.40666975451598	 10.40151008836565
 14.41778601204261	 10.30284868238519
 14.42890226956925	 10.29571855156325
 14.44001852709588	 10.25572390284036
 14.45113478462251	 10.14133043309508
 14.46225104214914	  9.97657629960248
 14.47336729967578	  9.79628148267200
 14.48448355720241	  9.64023762010273
 14.49559981472904	  9.54610801440286
 14.50671607225567	  9.54284504187416
 14.51783232978231	  9.62657209455933
 14.52894858730894	  9.61142188552600
 14.54006484483557	  9.52744350024526
 14.55118110236221	  9.40560089702242
 14.56229735988884	  9.28480045409612
 14.57341361741547	  9.20603566004563
 14.58452987494210	  9.20615943397033
 14.59564613246873	  9.30766270439976
 14.60676238999537	  9.44940033693888
 14.61787864752200	  9.49780203476913
 14.62899490504863	  9.47286295493852
 14.64011116257527	  9.40915425251010
 14.65122742010190	  9.34616062716233
 14.66234367762853	  9.32305084640268
 14.67345993515516	  9.37294837028835
 14.68457619268180	  9.51459897907144
 14.69569245020843	  9.64668416985123
 14.70680870773506	  9.69097939128654
 14.71792496526170	  9.66874921265785
 14.72904122278833	  9.61355878908990
 14.74015748031496	  9.56230602515470
 14.75127373784159	  9.55035012566941
 14.76238999536823	  9.60690151947883
 14.77350625289486	  9.78849989715590
 14.78462251042149	  9.92427984092459
 14.79573876794812	 10.05987563967639
 14.80685502547476	 10.19559195945985
 14.81797128300139	 10.33122923940184
 14.82908754052802	 10.46691840204345
 14.84020379805465	 10.60257345327122
 14.85132005558129	 10.73825096261303
 14.86243631310792	 10.87391366587532
 14.87355257063455	 11.00958614783019
 14.88466882816119	 11.14525216475232
 14.89578508568782	 11.28092246609380
 14.90690134321445	 11.41658992719327
 14.91801760074108	 11.55225927780840
 14.92913385826772	 11.68792737301332
 14.94025011579435	 11.82359630734927
 14.95136637332098	 11.95926468356989
 14.96248263084761	 12.09493343528808
 14.97359888837425	 12.23060193767011
 14.98471514590088	 12.36627060957397
 14.99583140342751	 12.50193916977043
 15.00694766095415	 12.63760780738360
 15.01806391848078	 12.77327639503356
 15.02918017600741	 12.90894501864770
 15.04029643353404	 13.04461362017726
 15.05141269106068	 13.18028223889723
 15.06252894858731	 13.31595084819949
 15.07364520611394	 13.45161946613794
 15.08476146364058	 13.58728808044904
 15.09587772116721	 13.72295669947635
 15.10699397869384	 13.85862531753881
 15.11811023622047	 13.99429393851177
 15.12922649374710	 14.12996255975121
 15.14034275127374	 14.26563118306558
 15.15145900880037	 14.40129980721923
 15.16257526632700	 14.53696843305984
 15.17369152385364	 14.67263706000793
 15.18480778138027	 14.80830568846257
 15.19592403890690	 14.94397431815130
 15.20704029643353	 15.07964294926288
 15.21815655396017	 15.21531158166904
 15.22927281148680	 15.35098021545959
 15.24038906901343	 15.48664885057423
 15.25150532654007	 15.62231748705606
 15.26262158406670	 15.75798612487691
 15.27373784159333	 15.93964905600461
 15.28485409911996	 15.92601165730313
 15.29597035664660	 15.88333327328249
 15.30708661417323	 15.84604926937790
 15.31820287169986	 15.84867680929449
 15.32931912922649	 15.91864765197156
 15.34043538675313	 16.07436809953006
 15.35155164427976	 16.19431907198961
 15.36266790180639	 16.23118422960280
 15.37378415933303	 16.20552166264536
 15.38490041685966	 16.15023497432618
 15.39601667438629	 16.10278607839312
 15.40713293191292	 16.09975338911469
 15.41824918943956	 16.17158323604622
 15.42936544696619	 16.35320090713000
 15.44048170449282	 16.46240891751049
 15.45159796201945	 16.45959552360526
 15.46271421954609	 16.38895611137501
 15.47383047707272	 16.28568074139845
 15.48494673459935	 16.18893889753477
 15.49606299212598	 16.13502632600468
 15.50717924965262	 16.15232051734772
 15.51829550717925	 16.24773264672492
 15.52941176470588	 16.24053335359768
 15.54052802223252	 16.14924622665733
 15.55164427975915	 16.00375760621806
 15.56276053728578	 15.84100524246707
 15.57387679481241	 15.69928976982520
 15.58499305233905	 15.61109459469421
 15.59610930986568	 15.59780989512210
 15.60722556739231	 15.58664535630308
 15.61834182491894	 15.48776782562458
 15.62945808244558	 15.32399319089385
 15.64057433997221	 15.12822170417303
 15.65169059749884	 14.93720123470624
 15.66280685502547	 14.78510495851990
 15.67392311255211	 14.69729340299173
 15.68503937007874	 14.67866003778364
 15.69615562760537	 14.57390067357493
 15.70727188513201	 14.40257487051346
 15.71838814265864	 14.19345307072712
 15.72950440018527	 13.98080667899412
 15.74062065771190	 13.79865774641788
 15.75173691523853	 13.67409073697198
 15.76285317276517	 13.62940982774904
 15.77396943029180	 13.51887077805494
 15.78508568781843	 13.34377500032511
 15.79620194534507	 13.12995812022865
 15.80731820287170	 12.91014464279197
 15.81843446039833	 12.71831470642847
 15.82955071792497	 12.58298238439708
 15.84066697545160	 12.53400415091346
 15.85178323297823	 12.42710404632571
 15.86289949050486	 12.25547823359847
 15.87401574803150	 12.04334064595937
 15.88513200555813	 11.82316098327764
 15.89624826308476	 11.63016815169491
 15.90736452061140	 11.49546296215475
 15.91848077813803	 11.44037845213145
 15.92959703566466	 11.36218129380870
 15.94071329319129	 11.21390311603443
 15.95182955071792	 11.01783187246230
 15.96294580824456	 10.80660710200207
 15.97406206577119	 10.61751786464840
 15.98517832329782	 10.48569702337585
 15.99629458082446	 10.43771124120063
 16.00741083835109	 10.42729496982760
 16.01852709587772	 10.33742613630904
 16.02964335340435	 10.18628452025450
 16.04075961093099	 10.00506260513455
 16.05187586845762	  9.83218787528785
 16.06299212598425	  9.70693195185875
 16.07410838351088	  9.66224885561547
 16.08522464103752	  9.73789054814059
 16.09634089856415	  9.75143635108080
 16.10745715609078	  9.68678301484750
 16.11857341361742	  9.57121463084921
 16.12968967114405	  9.44112221158562
 16.14080592867068	  9.33759702372301
 16.15192218619731	  9.29901478828172
 16.16303844372394	  9.35561177057346
 16.17415470125058	  9.51150679410927
 16.18527095877721	  9.59317694057293
 16.19638721630384	  9.59318099291034
 16.20750347383048	  9.53949819180039
 16.21861973135711	  9.47139505941409
 16.22973598888374	  9.42914624297200
 16.24085224641038	  9.44944978602128
 16.25196850393701	  9.55588915946481
 16.26308476146364	  9.73755929489245
 16.27420101899027	  9.81159450825477
 16.28531727651691	  9.80908040184760
 16.29643353404354	  9.76080417331637
 16.30754979157017	  9.70279800489959
 16.31866604909681	  9.67204743788536
 16.32978230662344	  9.70124001643355
 16.34089856415007	  9.81058218444187
 16.35201482167670	  9.99225091953097
 16.36313107920333	 10.12799652675079
 16.37424733672997	 10.26361474249388
 16.38536359425660	 10.39931635807324
 16.39647985178323	 10.53496327713174
 16.40759610930987	 10.67064610746593
 16.41871236683650	 10.80630532542976
 16.42982862436313	 10.94198009255004
 16.44094488188976	 11.07764460781514
 16.45206113941640	 11.21331589571953
 16.46317739694303	 11.34898270600818
 16.47429365446966	 11.48465248480463
 16.48540991199630	 11.62032029607500
 16.49652616952293	 11.75598941716701
 16.50764242704956	 11.89165766853972
 16.51875868457619	 12.02732650201929
 16.52987494210283	 12.16299494894889
 16.54099119962946	 12.29866365667272
 16.55210745715609	 12.43433219187610
 16.56322371468272	 12.57000084507954
 16.57433997220935	 12.70566942119118
 16.58545622973599	 12.84133805142975
 16.59657248726262	 12.97700664740279
 16.60768874478925	 13.11267526874726
 16.61880500231589	 13.24834387516952
 16.62992125984252	 13.38401249393610
 16.64103751736915	 13.51968110657227
 16.65215377489578	 13.65534972561552
 16.66327003242242	 13.79101834254879
 16.67438628994905	 13.92668696316791
 16.68550254747568	 14.06235558352653
 16.69661880500232	 14.19802420631744
 16.70773506252895	 14.33369282970371
 16.71885132005558	 14.46936145494236
 16.72996757758222	 14.60503008117490
 16.74108383510885	 14.74069870899080
 16.75220009263548	 14.87636733798751
 16.76331635016211	 15.01203596844275
 16.77443260768874	 15.14770460016737
 16.78554886521538	 15.28337323329290
 16.79666512274201	 15.41904186773041
 16.80778138026864	 15.55471050354266
 16.81889763779527	 15.69037914068797
 16.83001389532191	 15.82604777919660
 16.84113015284854	 15.96171641904925
 16.85224641037517	 16.14337930919874
 16.86336266790181	 16.10898395957450
 16.87447892542844	 16.06677766839510
 16.88559518295507	 16.05180057305049
 16.89671144048170	 16.09525907573079
 16.90782769800834	 16.21885638694874
 16.91894395553497	 16.37176697415918
 16.93006021306160	 16.43752241475559
 16.94117647058824	 16.43160938435789
 16.95229272811487	 16.38355599326410
 16.96340898564150	 16.32916796590182
 16.97452524316813	 16.30602648831822
 16.98564150069476	 16.34780472799066
 16.99675775822140	 16.47594138542818
 17.00787401574803	 16.61976147284396
 17.01899027327466	 16.67469333916823
 17.03010653080130	 16.63043413432618
 17.04122278832793	 16.53936183182822
 17.05233904585456	 16.43987189388973
 17.06345530338120	 16.37009735474694
 17.07457156090783	 16.36149032044904
 17.08568781843446	 16.43412554047077
 17.09680407596109	 16.46939616345695
 17.10792033348773	 16.41129287231673
 17.11903659101436	 16.28596224721767
 17.13015284854099	 16.12833676631939
 17.14126910606763	 15.97707406777425
 17.15238536359426	 15.86775242878957
 17.16350162112089	 15.82673965112805
 17.17461787864752	 15.86055004506815
 17.18573413617415	 15.79732744485269
 17.19685039370079	 15.65808562830267
 17.20796665122742	 15.47268588421175
 17.21908290875405	 15.27704880003474
 17.23019916628069	 15.10739344494885
 17.24131542380732	 14.99327899167758
 17.25243168133395	 14.95272268626265
 17.26354793886058	 14.88269932473574
 17.27466419638722	 14.73710446922201
 17.28578045391385	 14.54055220165439
 17.29689671144048	 14.32586777533996
 17.30801296896712	 14.12805647403740
 17.31912922649375	 13.97779356362035
 17.33024548402038	 13.89583369387537
 17.34136174154701	 13.81788327367784
 17.35247799907365	 13.66790666070915
 17.36359425660028	 13.46701384612863
 17.37471051412691	 13.24582853984697
 17.38582677165354	 13.03855852808614
 17.39694302918017	 12.87670820075057
 17.40805928670681	 12.78306500482402
 17.41917554423344	 12.70696101303301
 17.43029180176007	 12.55993880058654
 17.44140805928670	 12.36097360592699
 17.45252431681334	 12.13978208360511
 17.46364057433997	 11.93109375390292
 17.47475683186660	 11.76839692585668
 17.48587308939324	 11.67751542516512
 17.49698934691987	 11.64753570004688
 17.50810560444650	 11.52467866252174
 17.51922186197314	 11.34349298860041
 17.53033811949977	 11.13314686437606
 17.54145437702640	 10.92951923378804
 17.55257063455304	 10.76937376077321
 17.56368689207967	 10.68320998959451
 17.57480314960630	 10.69418083386939
 17.58591940713293	 10.63167934188471
 17.59703566465956	 10.49912161307997
 17.60815192218620	 10.32317985016971
 17.61926817971283	 10.13988760462134
 17.63038443723946	  9.98898639413776
 17.64150069476609	  9.90651415653163
 17.65261695229273	  9.91983166330942
 17.66373320981936	  9.96219836500358
 17.67484946734599	  9.92087560133273
 17.68596572487263	  9.81710540304386
 17.69708198239926	  9.68401142491223
 17.70819823992589	  9.56156450573290
 17.71931449745252	  9.49003421777590
 17.73043075497916	  9.50406325344238
 17.74154701250579	  9.62294218576034
 17.75266327003242	  9.74018127396669
 17.76377952755906	  9.76804271681320
 17.77489578508569	  9.72986422557161
 17.78601204261232	  9.66243554341884
 17.79712830013895	  9.60600692806357
 17.80824455766559	  9.59876191788760
 17.81936081519222	  9.67129126313613
 17.83047707271885	  9.85291846144118
 17.84159333024548	  9.95939872388366
 17.85270958777212	  9.98212803172860
 17.86382584529875	  9.94577573291790
 17.87494210282538	  9.88598869415090
 17.88605836035202	  9.84044583007716
 17.89717461787865	  9.84478649053385
 17.90829087540528	  9.92329130157654
 17.91940713293191	 10.10491563208712
 17.93052339045855	 10.28671188966226
 17.94163964798518	 10.42239523897018
 17.95275590551181	 10.55805423051335
 17.96387216303845	 10.69372906236342
 17.97498842056508	 10.82939358530096
 17.98610467809171	 10.96506482742102
 17.99722093561834	 11.10073168872219
 18.00833719314497	 11.23640141304249
 18.01945345067161	 11.37206926762929
 18.03056970819824	 11.50773834838773
 18.04168596572487	 11.64340662760658
 18.05280222325150	 11.77907543511018
 18.06391848077814	 11.91474389758900
 18.07503473830477	 12.05041258935953
 18.08615099583140	 12.18608113219177
 18.09726725335804	 12.32174977554896
 18.10838351088467	 12.45741835465015
 18.11949976841130	 12.59308697851061
 18.13061602593794	 12.72875557489757
 18.14173228346457	 12.86442419175069
 18.15284854099120	 13.00009279720450
 18.16396479851783	 13.13576141247683
 18.17508105604447	 13.27143002341912
 18.18619731357110	 13.40709863948387
 18.19731357109773	 13.54276725434820
 18.20842982862436	 13.67843587225093
 18.21954608615100	 13.81410449034833
 18.23066234367763	 13.94977311055376
 18.24177860120426	 14.08544173158037
 18.25289485873089	 14.22111035429750
 18.26401111625752	 14.35677897811953
 18.27512737378416	 14.49244760344408
 18.28624363131079	 14.62811623000336
 18.29735988883743	 14.76378485798053
 18.30847614636406	 14.89945348725271
 18.31959240389069	 15.03512211790500
 18.33070866141732	 15.17079074988100
 18.34182491894395	 15.30645938322069
 18.35294117647059	 15.44212801789832
 18.36405743399722	 15.57779665393302
 18.37517369152386	 15.71346529131325
 18.38628994905049	 15.84913393004846
 18.39740620657712	 15.98480257013371
 18.40852246410375	 16.12047121157394
 18.41963872163038	 16.25613985436732
 18.43075497915702	 16.43780268522161
 18.44187123668365	 16.39618785735535
 18.45298749421028	 16.36855923245168
 18.46410375173691	 16.38931421908028
 18.47522000926355	 16.48239011883481
 18.48633626679018	 16.66410287231516
 18.49745252431681	 16.76066684146774
 18.50856878184345	 16.77938382310898
 18.51968503937008	 16.74351447941950
 18.53080129689671	 16.68759633351794
 18.54191755442334	 16.64915809513150
 18.55303381194998	 16.66433192369816
 18.56415006947661	 16.75866733280116
 18.57526632700324	 16.94031720138146
 18.58638258452988	 17.02686225945410
 18.59749884205651	 17.03563959075744
 18.60861509958314	 16.96259693545923
 18.61973135710977	 16.86608432081542
 18.63084761463641	 16.78529299710269
 18.64196387216304	 16.75476970662327
 18.65308012968967	 16.79995139839841
 18.66419638721630	 16.87844662729827
 18.67531264474294	 16.85764246992580
 18.68642890226957	 16.75808812068666
 18.69754515979620	 16.61179605673254
 18.70866141732283	 16.45668494794343
 18.71977767484947	 16.33046033002733
 18.73089393237610	 16.26374796651691
 18.74201018990273	 16.27609067911020
 18.75312644742937	 16.25162982238317
 18.76424270495600	 16.14217018855768
 18.77535896248263	 15.97324075087566
 18.78647522000926	 15.77914471765222
 18.79759147753590	 15.59690359115659
 18.80870773506253	 15.45954433244169
 18.81982399258916	 15.39029061168454
 18.83094025011579	 15.37564158655550
 18.84205650764243	 15.26043320165429
 18.85317276516906	 15.08238656016653
 18.86428902269569	 14.87198005486434
 18.87540528022233	 14.66401946485495
 18.88652153774896	 14.49187661437369
 18.89763779527559	 14.38090950884608
 18.90875405280222	 14.33816861094106
 18.91987031032885	 14.21738443659773
 18.93098656785549	 14.03513413021204
 18.94210282538212	 13.81893437739629
 18.95321908290876	 13.60213067071493
 18.96433534043539	 13.41818206430606
 18.97545159796202	 13.29401564451375
 18.98656785548865	 13.24470660075830
 18.99768411301528	 13.12581828257324
 19.00880037054192	 12.94547547745722
 19.01991662806855	 12.72964926946734
 19.03103288559518	 12.51151647886959
 19.04214914312182	 12.32583470634835
 19.05326540064845	 12.20209075956273
 19.06438165817508	 12.16875611645762
 19.07549791570171	 12.07408005610887
 19.08661417322835	 11.91284206458078
 19.09773043075498	 11.70960370005303
 19.10884668828161	 11.49796256919744
 19.11996294580824	 11.31505312962508
 19.13107920333488	 11.19444047021553
 19.14219546086151	 11.16015491143630
 19.15331171838815	 11.12679529907515
 19.16442797591478	 11.01716519787218
 19.17554423344141	 10.85233895511526
 19.18666049096804	 10.66520875386480
 19.19777674849467	 10.49468972269466
 19.20889300602131	 10.37897437008342
 19.22000926354794	 10.34867131754136
 19.23112552107457	 10.41789880410726
 19.24224177860120	 10.40301579105105
 19.25335803612784	 10.31618852807084
 19.26447429365447	 10.18630622264062
 19.27559055118110	 10.05121200313253
 19.28670680870773	  9.95195251111734
 19.29782306623437	  9.92526355330885
 19.30893932376100	  9.99834704833522
 19.32005558128763	 10.11955535000118
 19.33117183881427	 10.17892468810764
 19.34228809634090	 10.16156038595703
 19.35340435386753	 10.10067042146077
 19.36452061139416	 10.03557734536555
 19.37563686892080	 10.00611541646582
 19.38675312644743	 10.04695063933296
 19.39786938397406	 10.17865065120114
 19.40898564150070	 10.31960331011597
 19.42010189902733	 10.37022024979195
 19.43121815655396	 10.35072758039214
 19.44233441408059	 10.29440549080447
 19.45345067160723	 10.23862722357106
 19.46456692913386	 10.21991072485922
 19.47568318666049	 10.26899712612727
 19.48679944418712	 10.40318563070885
 19.49791570171375	 10.54953609129332
 19.50903195924039	 10.68520067023604
 19.52014821676702	 10.82087190235617
 19.53126447429366	 10.95653874817609
 19.54238073182029	 11.09220849372559
 19.55349698934692	 11.22787632294757
 19.56461324687355	 11.36354542422571
 19.57572950440018	 11.49921368342240
 19.58684576192682	 11.63488250462000
 19.59796201945345	 11.77055095380893
 19.60907827698009	 11.90621965331530
 19.62019453450672	 12.04188818781265
 19.63131079203335	 12.17755683493514
 19.64242704955998	 12.31322540879308
 19.65354330708661	 12.44889403405213
 19.66465956461325	 12.58456262697504
 19.67577582213988	 12.72023124389887
 19.68689207966651	 12.85589984686468
 19.69800833719314	 12.99156846148998
 19.70912459471977	 13.12723707046300
 19.72024085224641	 13.26290568550216
 19.73135710977304	 13.39857429866655
 19.74247336729968	 13.53424291534717
 19.75358962482631	 13.66991153188184
 19.76470588235294	 13.80558015076405
 19.77582213987957	 13.94124877029653
 19.78693839740621	 14.07691739163848
 19.79805465493284	 14.21258601399987
 19.80917091245948	 14.34825463792229
 19.82028716998611	 14.48392326303666
 19.83140342751274	 14.61959188959731
 19.84251968503937	 14.75526051743141
 19.85363594256600	 14.89092914665910
 19.86475220009264	 15.02659777719939
 19.87586845761927	 15.16226640910950
 19.88698471514590	 15.29793504235161
 19.89810097267253	 15.43360367695329
 19.90921723019916	 15.56927231289710
 19.92033348772580	 15.70494095019660
 19.93144974525243	 15.84060958884400
 19.94256600277907	 15.97627822884622
 19.95368226030570	 16.11194687020003
 19.96479851783233	 16.24761551290922
 19.97591477535896	 16.38328415697273
 19.98703103288559	 16.51895280239285
 19.99814729041223	 16.65462144916954
 20.00926354793886	 16.83628419963524
 20.02037980546550	 16.80149061032571
 20.03149606299213	 16.80274550997852
 20.04261232051876	 16.86819900490861
 20.05372857804539	 17.01653923784713
 20.06484483557202	 17.14520470221434
 20.07596109309866	 17.19050084430287
 20.08707735062529	 17.17139450637806
 20.09819360815192	 17.11921356622243
 20.10930986567855	 17.07057949984657
 20.12042612320519	 17.06200381575902
 20.13154238073182	 17.12479277449932
 20.14265863825845	 17.27715943729688
 20.15377489578508	 17.39724869891661
 20.16489115331172	 17.43238082034955
 20.17600741083835	 17.40499429605897
 20.18712366836498	 17.31738079120911
 20.19823992589162	 17.23068838435077
 20.20935618341825	 17.18203199871136
 20.22047244094488	 17.20131253579668
 20.23158869847152	 17.31163762155320
 20.24270495599815	 17.33225355206959
 20.25382121352478	 17.26352985550480
 20.26493747105141	 17.13453674040226
 20.27605372857805	 16.98151010874748
 20.28716998610468	 16.84319311122558
 20.29828624363131	 16.75367929878073
 20.30940250115794	 16.73681186470078
 20.32051875868458	 16.75436308074777
 20.33163501621121	 16.67911278607728
 20.34275127373784	 16.53244959469704
 20.35386753126447	 16.34609575693197
 20.36498378879110	 16.15676752479245
 20.37610004631774	 16.00002410800145
 20.38721630384437	 15.90364561143005
 20.39833256137101	 15.89386646182097
 20.40944881889764	 15.81264559997566
 20.42056507642427	 15.65859716652919
 20.43168133395090	 15.45859614402288
 20.44279759147753	 15.24637383495985
 20.45391384900417	 15.05683569870747
 20.46503010653080	 14.91926827498438
 20.47614636405743	 14.85226325170438
 20.48726262158407	 14.76361120612265
 20.49837887911070	 14.60507878941417
 20.50949513663733	 14.39986627242831
 20.52061139416397	 14.17962343270704
 20.53172765169060	 13.97854212745082
 20.54284390921723	 13.82692388786819
 20.55396016674386	 13.74550904222531
 20.56507642427049	 13.65707010585774
 20.57619268179713	 13.49998901843447
 20.58730893932376	 13.29537957703118
 20.59842519685040	 13.07406066462794
 20.60954145437703	 12.87081088086749
 20.62065771190366	 12.71792437495818
 20.63177396943029	 12.63909820457948
 20.64289022695692	 12.57423944198013
 20.65400648448356	 12.43703297979324
 20.66512274201019	 12.24653394094106
 20.67623899953682	 12.03324113361658
 20.68735525706346	 11.83344346953615
 20.69847151459009	 11.68280818046474
 20.70958777211672	 11.60969955384504
 20.72070402964335	 11.61605726408791
 20.73182028716999	 11.53263142724143
 20.74293654469662	 11.38412868979390
 20.75405280222325	 11.19944701042294
 20.76516905974988	 11.01556662409720
 20.77628531727652	 10.87175956533371
 20.78740157480315	 10.80216515599099
 20.79851783232978	 10.83103105247742
 20.80963408985642	 10.84567652114587
 20.82075034738305	 10.78019393382838
 20.83186660490968	 10.65922552774132
 20.84298286243631	 10.51777095029624
 20.85409911996295	 10.39639001970997
 20.86521537748958	 10.33424255923751
 20.87633163501621	 10.36338449083320
 20.88744789254284	 10.50298236506786
 20.89856415006948	 10.56513534176058
 20.90968040759611	 10.57439807918869
 20.92079666512274	 10.52578524006224
 20.93191292264937	 10.45767083647739
 20.94302918017600	 10.41073626417480
 20.95414543770264	 10.42283687310387
 20.96526169522927	 10.51933832427538
 20.97637795275591	 10.70098980838855
 20.98749421028254	 10.78275131731164
 20.99861046780917	 10.78600449323202
 21.00972672533580	 10.73834384731614
 21.02084298286244	 10.67721272594482
 21.03195924038907	 10.64049309172439
 21.04307549791570	 10.66228688745214
 21.05419175544234	 10.76435340540984
 21.06530801296897	 10.94601191551374
 21.07642427049560	 11.12778583077375
 21.08754052802223	 11.26348023495129
 21.09865678554887	 11.39913199712860
 21.10977304307550	 11.53481158926873
 21.12088930060213	 11.67047299756284
 21.13200555812876	 11.80614630368384
 21.14312181565539	 11.94181181815098
 21.15423807318203	 12.07748244529474
 21.16535433070866	 12.21314971660919
 21.17647058823530	 12.34881919729104
 21.18758684576193	 12.48448722493326
 21.19870310328856	 12.62015621326426
 21.20981936081519	 12.75582456913198
 21.22093561834182	 12.89149334568917
 21.23205187586846	 13.02716184566849
 21.24316813339509	 13.16283053144737
 21.25428439092173	 13.29849909592186
 21.26540064844836	 13.43416774339808
 21.27651690597499	 13.56983633773932
 21.28763316350162	 13.70550496980904
 21.29874942102825	 13.84117357886471
 21.30986567855489	 13.97684220558140
 21.32098193608152	 14.11251082268040
 21.33209819360815	 14.24817944848792
 21.34321445113478	 14.38384807067531
 21.35433070866141	 14.51951669755186
 21.36544696618805	 14.65518532351130
 21.37656322371468	 14.79085395234434
 21.38767948124132	 14.92652258148671
 21.39879573876795	 15.06219121267805
 21.40991199629458	 15.19785984473912
 21.42102825382121	 15.33352847847292
 21.43214451134785	 15.46919711333454
 21.44326076887448	 15.60486574969678
 21.45437702640112	 15.74053438730689
 21.46549328392775	 15.87620302633901
 21.47660954145438	 16.01187166667563
 21.48772579898101	 16.14754030839873
 21.49884205650764	 16.28320895145369
 21.50995831403428	 16.41887759587951
 21.52107457156091	 16.55454624165099
 21.53219082908754	 16.69021488878698
 21.54330708661417	 16.82588353727608
 21.55442334414080	 16.96155218712770
 21.56553960166744	 17.09722083833691
 21.57665585919407	 17.27888349932557
 21.58777211672070	 17.24082297454870
 21.59888837424734	 17.22586640163010
 21.61000463177397	 17.26645049607441
 21.62112088930060	 17.38371184398589
 21.63223714682723	 17.54486558560311
 21.64335340435387	 17.61922981806523
 21.65446966188050	 17.62195270641921
 21.66558591940714	 17.57858636780789
 21.67670217693377	 17.52495094006025
 21.68781843446040	 17.49815232914898
 21.69893469198703	 17.53236232534469
 21.71005094951366	 17.65024576439392
 21.72116720704030	 17.80510006586950
 21.73228346456693	 17.86991559589086
 21.74339972209356	 17.86200845612670
 21.75451597962019	 17.81281896249824
 21.76563223714683	 17.72585286898318
 21.77674849467346	 17.66338465328083
 21.78786475220009	 17.65817266791065
 21.79898100972672	 17.73225955020143
 21.81009726725336	 17.79527119585972
 21.82121352477999	 17.76182657589059
 21.83232978230662	 17.65575815757363
 21.84344603983326	 17.51088777061186
 21.85456229735989	 17.36578701140985
 21.86567855488652	 17.25719465806841
 21.87679481241315	 17.21358886552134
 21.88791106993979	 17.26011949973362
 21.89902732746642	 17.22263932340757
 21.91014358499305	 17.10358849356052
 21.92125984251969	 16.93109089314559
 21.93237610004632	 16.74055701550320
 21.94349235757295	 16.56900753492707
 21.95460861509958	 16.44802852915322
 21.96572487262622	 16.39850643383193
 21.97684113015285	 16.35398498962806
 21.98795738767948	 16.22879955692195
 21.99907364520611	 16.04512501814906
 22.01018990273274	 15.83475529730405
 22.02130616025938	 15.63293820352991
 22.03242241778601	 15.47207798866099
 22.04353867531265	 15.37568443420820
 22.05465493283928	 15.33521268653716
 22.06577119036591	 15.20474072210912
 22.07688744789254	 15.01624821508439
 22.08800370541917	 14.79878821764503
 22.09911996294581	 14.58612369936421
 22.11023622047244	 14.41100205408009
 22.12135247799907	 14.29860988997727
 22.13246873552571	 14.24932710038501
 22.14358499305234	 14.11934061216885
 22.15470125057897	 13.93146522456741
 22.16581750810560	 13.71325292467490
 22.17693376563224	 13.49837453840176
 22.18805002315887	 13.32090661992986
 22.19916628068550	 13.20856432210987
 22.21028253821213	 13.17296832995396
 22.22139879573877	 13.06300337970042
 22.23251505326540	 12.89045343586325
 22.24363131079204	 12.68179345473638
 22.25474756831867	 12.47141007075577
 22.26586382584530	 12.29595154281129
 22.27698008337193	 12.18723863895389
 22.28809634089856	 12.16661624380208
 22.29921259842520	 12.11159418738715
 22.31032885595183	 11.98407192848350
 22.32144511347846	 11.80779536022176
 22.33256137100510	 11.61704093096612
 22.34367762853173	 11.45086739682873
 22.35479388605836	 11.34607021376201
 22.36591014358499	 11.33068577674955
 22.37702640111162	 11.37467006934726
 22.38814265863826	 11.33409253715009
 22.39925891616489	 11.22741224172229
 22.41037517369152	 11.08586615446332
 22.42149143121816	 10.94844563465793
 22.43260768874479	 10.85569113491153
 22.44372394627142	 10.84238073873858
 22.45484020379805	 10.93242126011478
 22.46595646132469	 11.02202945862536
 22.47707271885132	 11.03062256752042
 22.48818897637795	 10.99956884165382
 22.49930523390459	 10.93439646453356
 22.51042149143122	 10.87516151123767
 22.52153774895785	 10.86094646022862
 22.53265400648448	 10.92391283839786
 22.54377026401112	 11.08143794872832
 22.55488652153775	 11.19677073079957
 22.56600277906438	 11.22565202656722
 22.57711903659101	 11.19169531006660
 22.58823529411764	 11.13039553660655
 22.59935155164428	 11.07995285857398
 22.61046780917091	 11.07599659063912
 22.62158406669755	 11.14688391822346
 22.63270032422418	 11.30677125543305
 22.64381658175081	 11.42728215606240
 22.65493283927744	 11.60885461133092
 22.66604909680407	 11.74464764563267
 22.67716535433071	 11.88023487165444
 22.68828161185734	 12.01595688957791
 22.69939786938398	 12.15159043704404
 22.71051412691061	 12.28728210225745
 22.72163038443724	 12.42293552443265
 22.73274664196387	 12.55861414566980
 22.74386289949051	 12.69427613901911
 22.75497915701714	 12.82994912371333
 22.76609541454377	 12.96561483480612
 22.77721167207040	 13.10128537032224
 22.78832792959703	 13.23695270437816
 22.79944418712367	 13.37262216999190
 22.81056044465030	 13.50829021777817
 22.82167670217694	 13.64395921388753
 22.83279295970357	 13.77962757839025
 22.84390921723020	 13.91529636796326
 22.85502547475683	 14.05096487474467
 22.86614173228346	 14.18663357369334
 22.87725798981010	 14.32230214561833
 22.88837424733673	 14.45797080536771
 22.89949050486337	 14.59363940810633
 22.91060676239000	 14.72930805162177
 22.92172301991663	 14.86497666979643
 22.93283927744326	 15.00064530740155
 22.94395553496989	 15.13631393408073
 22.95507179249653	 15.27198257044703
 22.96618805002316	 15.40765120248775
 22.97730430754979	 15.54331983974325
 22.98842056507642	 15.67898847571286
 22.99953682260305	 15.81465711483376
 23.01065308012969	 15.95032575407647
 23.02176933765632	 16.08599439551416
 23.03288559518296	 16.22166303772929
 23.04400185270959	 16.35733168169465
 23.05511811023622	 16.49300032674467
 23.06623436776285	 16.62866897333772
 23.07735062528949	 16.76433762116049
 23.08846688281612	 16.90000627042992
 23.09958314034275	 17.03567492099834
 23.11069939786939	 17.17134357296897
 23.12181565539602	 17.30701222627226
 23.13293191292265	 17.44268088095771
 23.14404817044928	 17.57834953699276
 23.15516442797592	 17.76001210049193
 23.16628068550255	 17.73484199739871
 23.17739694302918	 17.75364533516120
 23.18851320055581	 17.84211032443581
 23.19962945808244	 18.02364806216690
 23.21074571560908	 18.12885760596646
 23.22186197313571	 18.15559144752072
 23.23297823066234	 18.12580484880212
 23.24409448818897	 18.07238875371575
 23.25521074571561	 18.03224302634395
 23.26632700324224	 18.04148612803014
 23.27744326076887	 18.12665919164220
 23.28855951829551	 18.30828841023559
 23.29967577582214	 18.40531572245497
 23.31079203334877	 18.42223075072289
 23.32190829087541	 18.38441108132262
 23.33302454840204	 18.32814853271896
 23.34414080592867	 18.25691077796621
 23.35525706345530	 18.23139801525078
 23.36637332098194	 18.27879583146934
 23.37748957850857	 18.39605652043441
 23.38860583603520	 18.40259210406235
 23.39972209356183	 18.32475224647036
 23.41083835108847	 18.19414001419930
 23.42195460861510	 18.04805394805438
 23.43307086614173	 17.92490433915097
 23.44418712366836	 17.85701293012785
 23.45530338119499	 17.86644075817209
 23.46641963872163	 17.87036504664765
 23.47753589624826	 17.78379713900685
 23.48865215377490	 17.63106918209019
 23.49976841130153	 17.44553754372522
 23.51088466882816	 17.26442366513167
 23.52200092635479	 17.12233705798497
 23.53311718388143	 17.04503698517115
 23.54423344140806	 17.03979405383458
 23.55534969893469	 16.94760204211804
 23.56646595646133	 16.78596943919797
 23.57758221398796	 16.58371702514131
 23.58869847151459	 16.37537428549549
 23.59981472904122	 16.19544460222002
 23.61093098656786	 16.07166863254024
 23.62204724409449	 16.03396100737516
 23.63316350162112	 15.93497603014590
 23.64427975914775	 15.76860229098093
 23.65539601667438	 15.56009997298682
 23.66651227420102	 15.34190137014098
 23.67762853172765	 15.14802517160911
 23.68874478925429	 15.00737264440589
 23.69986104678092	 14.93854837890222
 23.71097730430755	 14.83845767029456
 23.72209356183418	 14.67234034948238
 23.73320981936081	 14.46329990013030
 23.74432607688745	 14.24306351118202
 23.75544233441408	 14.04624611631038
 23.76655859194071	 13.90377123173280
 23.77767484946735	 13.83710267518440
 23.78879110699398	 13.75648827878164
 23.79990736452061	 13.60642596804231
 23.81102362204724	 13.40828182646746
 23.82213987957388	 13.19374967461134
 23.83325613710051	 12.99918853161015
 23.84437239462714	 12.85897775909690
 23.85548865215377	 12.79915627159864
 23.86660490968041	 12.77385939715591
 23.87772116720704	 12.67108117662167
 23.88883742473367	 12.50875578603819
 23.89995368226031	 12.31755469631360
 23.91106993978694	 12.13518476936285
 23.92218619731357	 12.00004738662690
 23.93330245484020	 12.43988598604656
 23.94441871236684	 12.99316894788226
 23.95553496989347	 13.47771380177327
 23.96665122742010	 13.89041351528933
 23.97776748494674	 14.25521794102257
 23.98888374247337	 14.60946198562204
 24.00000000000000	 14.99215450493308
