#t	dod	  0.00000000000000	  0.00000000000000
  0.01111625752663	  0.03127449836076
  0.02223251505327	  0.02656452507934
  0.03334877257990	  0.04217384704359
  0.04446503010653	  0.11086728131190
  0.05558128763316	  0.12085993499161
  0.06669754515980	  0.11681072621453
  0.07781380268643	  0.15595802092494
  0.08893006021306	  0.22995080135358
  0.10004631773969	  0.04097534857392
  0.11116257526633	 -0.08376909018174
  0.12227883279296	 -0.08376909018174
  0.13339509031959	 -0.08376909018174
  0.14451134784623	 -0.08376909018174
  0.15562760537286	 -0.08374212375576
  0.16674386289949	 -0.08368789393451
  0.17786012042612	 -0.08358855901302
  0.18897637795276	 -0.08349343449128
  0.20009263547939	 -0.08349343449128
  0.21120889300602	 -0.08349343449128
  0.22232515053265	 -0.08349343449128
  0.23344140805929	 -0.08349343449128
  0.24455766558592	 -0.08137363033957
  0.25567392311255	 -0.05475583900834
  0.26679018063918	  0.03311109058588
  0.27790643816582	  0.21025715210630
  0.28902269569245	  0.44202352300246
  0.30013895321908	  0.59041087574582
  0.31125521074572	  0.67310594525113
  0.32237146827235	  0.72182006296708
  0.33348772579898	  0.73477808886752
  0.34460398332561	  0.69657734653776
  0.35572024085225	  0.66717268881145
  0.36683649837888	  0.50290798559405
  0.37795275590551	  0.33134712791358
  0.38906901343214	  0.12010418160686
  0.40018527095878	 -0.07282840172767
  0.41130152848541	 -0.07282840172767
  0.42241778601204	 -0.07282840172767
  0.43353404353868	 -0.07282840172767
  0.44465030106531	 -0.00660125899008
  0.45576655859194	  0.17499614907557
  0.46688281611857	  0.28265909740027
  0.47799907364521	  0.30280369113016
  0.48911533117184	  0.26015646252017
  0.50023158869847	  0.19187402419247
  0.51134784622510	  0.06107086557892
  0.52246410375174	 -0.10453947462940
  0.53358036127837	 -0.10453947462940
  0.54469661880500	 -0.10453947462940
  0.55581287633164	 -0.10453943239250
  0.56692913385827	 -0.10453938598782
  0.57804539138490	  0.07690581086393
  0.58916164891153	  0.25881939995618
  0.60027790643817	  0.44042621523345
  0.61139416396480	  0.62223392535027
  0.62251042149143	  0.80390978034840
  0.63362667901806	  0.98567225046543
  0.64474293654470	  1.16737772508334
  0.65585919407133	  1.34912075811019
  0.66697545159796	  1.53083900825001
  0.67809170912459	  1.71257364362323
  0.68920796665123	  1.89429743674021
  0.70032422417786	  2.07602842409796
  0.71144048170449	  2.25775463853913
  0.72255673923113	  2.43948403315647
  0.73367299675776	  2.62121131379905
  0.74478925428439	  2.80294001036646
  0.75590551181102	  2.98466776532222
  0.76702176933766	  3.16639615570875
  0.77813802686429	  3.34812412476646
  0.78925428439092	  3.52985238166594
  0.80037054191755	  3.71158044962879
  0.81148679944419	  3.89330864958819
  0.82260305697082	  4.07503676647457
  0.83371931449745	  4.25676494537846
  0.84483557202409	  4.43849308743924
  0.85595182955072	  4.62022125962013
  0.86706808707735	  4.80194941650809
  0.87818434460398	  4.98367758895054
  0.88930060213062	  5.16540575597445
  0.90041685965725	  5.34713393186489
  0.91153311718388	  5.52886210688816
  0.92264937471051	  5.71059028769211
  0.93376563223715	  5.89231846973926
  0.94488188976378	  6.07404665613774
  0.95599814729041	  6.25577484476423
  0.96711440481704	  6.43750303707849
  0.97823066234368	  6.61923123208394
  0.98934691987031	  6.80095943046939
  1.00046317739694	  6.98268763176629
  1.01157943492358	  7.16441583630149
  1.02269569245021	  7.34614404385480
  1.03381194997684	  7.52787225458252
  1.04492820750347	  7.70960046838169
  1.05604446503011	  7.89132868532801
  1.06716072255674	  8.07305690537399
  1.07827698008337	  8.25478512855714
  1.08939323761000	  8.11868662478957
  1.10050949513664	  8.00235461559536
  1.11162575266327	  7.95367453027167
  1.12274201018990	  7.83392615855311
  1.13385826771654	  7.68416886679115
  1.14497452524317	  7.55554643723966
  1.15609078276980	  7.49881127256415
  1.16720704029643	  7.45796049592942
  1.17832329782307	  7.46934391225969
  1.18943955534970	  7.55885288788938
  1.20055581287633	  7.74048729343131
  1.21167207040296	  7.83078181115974
  1.22278832792960	  7.84087874963556
  1.23390458545623	  7.79656998321076
  1.24502084298286	  7.73527818012155
  1.25613710050950	  7.59668038456495
  1.26725335803613	  7.40131939666870
  1.27836961556276	  7.23102021915195
  1.28948587308939	  7.11718599227038
  1.30060213061603	  6.91221942913514
  1.31171838814266	  6.68452190324916
  1.32283464566929	  6.49042084112778
  1.33395090319592	  6.34517060291022
  1.34506716072256	  6.22425113999936
  1.35618341824919	  6.16056286975684
  1.36729967577582	  6.17683368007891
  1.37841593330245	  6.18403191064508
  1.38953219082909	  6.09761297887420
  1.40064844835572	  5.94292573954846
  1.41176470588235	  5.75429222599567
  1.42288096340899	  5.50623889156077
  1.43399722093562	  5.22163120648676
  1.44511347846225	  4.95409604794087
  1.45622973598888	  4.74743217593107
  1.46734599351552	  4.47290342663819
  1.47846225104215	  4.18000562973590
  1.48957850856878	  3.92056714272648
  1.50069476609541	  3.70495087272278
  1.51181102362205	  3.51750466590297
  1.52292728114868	  3.38696498191391
  1.53404353867531	  3.34780360523561
  1.54515979620195	  3.24808106881639
  1.55627605372858	  3.07779331233675
  1.56739231125521	  2.86253074831428
  1.57850856878184	  2.63543772789135
  1.58962482630848	  2.34369103436981
  1.60074108383511	  2.04748551942214
  1.61185734136174	  1.79544185262222
  1.62297359888837	  1.52429153778006
  1.63408985641501	  1.22266205103785
  1.64520611394164	  0.93994037528293
  1.65632237146827	  0.70939269900784
  1.66743862899491	  0.50092698902256
  1.67855488652154	  0.34618449250388
  1.68967114404817	  0.26748031048058
  1.70078740157480	  0.18052110358428
  1.71190365910144	  0.02230797835521
  1.72301991662807	 -0.18579206350101
  1.73413617415470	 -0.18576518653624
  1.74525243168133	 -0.18568458981399
  1.75636868920797	 -0.18557641982609
  1.76748494673460	 -0.18549924800363
  1.77860120426123	 -0.18545283370836
  1.78971746178786	 -0.18535488650765
  1.80083371931450	 -0.18525553321155
  1.81194997684113	 -0.18520304535133
  1.82306623436776	 -0.18520293216642
  1.83418249189440	 -0.18520288891251
  1.84529874942103	 -0.18520288891251
  1.85641500694766	 -0.14119041062998
  1.86753126447429	 -0.14119016362472
  1.87864752200093	 -0.14119016362472
  1.88976377952756	 -0.14119016362472
  1.90088003705419	 -0.14119016362472
  1.91199629458082	 -0.14114145442227
  1.92311255210746	 -0.14107558583612
  1.93422880963409	 -0.14101156982783
  1.94534506716072	 -0.14101156982783
  1.95646132468736	 -0.14096303749584
  1.96757758221399	 -0.14090803471812
  1.97869383974062	 -0.14090803471812
  1.98981009726725	 -0.14090803471812
  2.00092635479389	 -0.14090803471812
  2.01204261232052	 -0.10691919764434
  2.02315886984715	  0.01928027137260
  2.03427512737378	  0.16304694413384
  2.04539138490042	  0.21280263331560
  2.05650764242705	  0.18843272440916
  2.06762389995368	  0.12437461483167
  2.07874015748031	  0.01823459350703
  2.08985641500695	 -0.14223415002439
  2.10097267253358	 -0.14223404412091
  2.11208893006021	 -0.14223399833738
  2.12320518758685	 -0.14223399833738
  2.13432144511348	 -0.14223399833738
  2.14543770264011	 -0.14223399833738
  2.15655396016674	  0.03927977854946
  2.16767021769338	  0.22114808532659
  2.17878647522001	  0.40278461734732
  2.18990273274664	  0.58457269872243
  2.20101899027327	  0.76626149535932
  2.21213524779991	  0.94801539961314
  2.22325150532654	  1.12972654305901
  2.23436776285317	  1.31146581316694
  2.24548402037981	  1.49318656180094
  2.25660027790644	  1.67491953301654
  2.26771653543307	  1.85664443428081
  2.27883279295970	  2.03837468058469
  2.28994905048634	  2.22010138955969
  2.30106530801297	  2.40183045181765
  2.31218156553960	  2.58355795441787
  2.32329782306623	  2.76528650077467
  2.33441408059287	  2.94701435581352
  2.34553033811950	  3.12874267771031
  2.35664659564613	  3.31047069200718
  2.36776285317277	  3.49219891732386
  2.37887911069940	  3.67392700569503
  2.38999536822603	  3.85565519085035
  2.40111162575266	  4.03738331676737
  2.41222788327930	  4.21911148846524
  2.42334414080593	  4.40083963436442
  2.43446039833256	  4.58256780286023
  2.44557665585919	  4.76429596119261
  2.45669291338583	  4.94602413157661
  2.46780917091246	  5.12775229893511
  2.47892542843909	  5.30948047352199
  2.49004168596572	  5.49120864836257
  2.50115794349236	  5.67293682821457
  2.51227420101899	  5.85466500983657
  2.52339045854562	  6.03639319544721
  2.53450671607226	  6.21812138353413
  2.54562297359889	  6.39984957513711
  2.55673923112552	  6.58157776954848
  2.56785548865215	  6.76330596725818
  2.57897174617879	  6.94503416793462
  2.59008800370542	  7.12676237181027
  2.60120426123205	  7.30849057873002
  2.61232051875868	  7.49021878880527
  2.62343677628532	  7.67194700196405
  2.63455303381195	  7.85367521826065
  2.64566929133858	  8.03540343766238
  2.65678554886522	  8.21713166019651
  2.66790180639185	  8.09045842819321
  2.67901806391848	  8.01353821362290
  2.69013432144511	  7.91770484824920
  2.70125057897175	  7.77432314567059
  2.71236683649838	  7.63345841612445
  2.72348309402501	  7.54527829279438
  2.73459935155164	  7.49505509643900
  2.74571560907828	  7.48325646029767
  2.75683186660491	  7.54185201526833
  2.76794812413154	  7.68952591498061
  2.77906438165817	  7.81369889091408
  2.79018063918481	  7.85104217698226
  2.80129689671144	  7.82261582690707
  2.81241315423807	  7.76297471798088
  2.82352941176471	  7.64578683660581
  2.83464566929134	  7.46002228753452
  2.84576192681797	  7.27812936305950
  2.85687818434460	  7.17219698925462
  2.86799444187124	  6.99423050040512
  2.87911069939787	  6.77205781810069
  2.89022695692450	  6.56234606526092
  2.90134321445113	  6.42163613848546
  2.91245947197777	  6.29054843849007
  2.92357572950440	  6.20503794221424
  2.93469198703103	  6.19180584025160
  2.94580824455767	  6.25076295494904
  2.95692450208430	  6.20168005875871
  2.96804075961093	  6.07281372642617
  2.97915701713756	  5.89545733347399
  2.99027327466420	  5.67779666173921
  3.00138953219083	  5.40276713920038
  3.01250578971746	  5.12335015118704
  3.02362204724409	  4.89143105517950
  3.03473830477073	  4.63979379235857
  3.04585456229736	  4.34870099270060
  3.05697081982399	  4.07050081751726
  3.06808707735063	  3.85448977452987
  3.07920333487726	  3.65258835269830
  3.09031959240389	  3.49700704189485
  3.10143584993052	  3.41028729737879
  3.11255210745716	  3.34562680488003
  3.12366836498379	  3.20314006468009
  3.13478462251042	  3.00341467126133
  3.14590088003705	  2.77735282952766
  3.15701713756369	  2.50212348862587
  3.16813339509032	  2.20179171861832
  3.17924965261695	  1.92577512908695
  3.19036591014358	  1.69685979931263
  3.20148216767022	  1.40240300206578
  3.21259842519685	  1.10580906011442
  3.22371468272348	  0.85592479054646
  3.23483094025012	  0.63388715248690
  3.24594719777675	  0.45299010623926
  3.25706345530338	  0.33993411073065
  3.26817971283001	  0.29359920504748
  3.27929597035665	  0.16215210361280
  3.29041222788328	 -0.02953575522101
  3.30152848540991	 -0.02951196180837
  3.31264474293654	 -0.02944479276614
  3.32376100046318	 -0.02934119902893
  3.33487725798981	 -0.02925392984016
  3.34599351551644	 -0.02923033915545
  3.35710977304308	 -0.02913221484150
  3.36822603056971	 -0.02901994204925
  3.37934228809634	 -0.02894040712849
  3.39045854562297	 -0.02891968286607
  3.40157480314961	 -0.02891968286607
  3.41269106067624	 -0.02891964786730
  3.42380731820287	 -0.02891964786730
  3.43492357572950	 -0.02545656116005
  3.44603983325614	 -0.02545656116005
  3.45715609078277	 -0.02545656116005
  3.46827234830940	 -0.02545651937528
  3.47938860583603	 -0.02539944686691
  3.49050486336267	 -0.02532686672114
  3.50162112088930	 -0.02527488342216
  3.51273737841593	 -0.02527488342216
  3.52385363594257	 -0.02527488342216
  3.53496989346920	 -0.02522846446050
  3.54608615099583	 -0.02522846446050
  3.55720240852246	 -0.02522846446050
  3.56831866604910	 -0.02522834113207
  3.57943492357573	 -0.02006078942826
  3.59055118110236	  0.06997857934926
  3.60166743862899	  0.25165496094795
  3.61278369615563	  0.33430524308845
  3.62389995368226	  0.33469777544502
  3.63501621120889	  0.28045202433613
  3.64613246873553	  0.21074934565161
  3.65724872626216	  0.06314560267855
  3.66836498378879	 -0.10492867096132
  3.67948124131542	 -0.10492867096132
  3.69059749884206	 -0.10492867096132
  3.70171375636869	 -0.10492863402384
  3.71283001389532	 -0.10492863402384
  3.72394627142195	 -0.10492847052622
  3.73506252894859	  0.07657824574006
  3.74617878647522	  0.25845123611132
  3.75729504400185	  0.44008467854905
  3.76841130152849	  0.62187481175070
  3.77952755905512	  0.80356224909340
  3.79064381658175	  0.98531705875973
  3.80176007410838	  1.16702760070994
  3.81287633163502	  1.34876727324877
  3.82399258916165	  1.53048775418036
  3.83510884668828	  1.71222090565388
  3.84622510421491	  1.89394568718755
  3.85734136174155	  2.07567601494990
  3.86845761926818	  2.25740267021248
  3.87957387679481	  2.43913176969689
  3.89069013432144	  2.62085924822802
  3.90180639184808	  2.80258781187512
  3.91292264937471	  2.98431565623628
  3.92403890690134	  3.16604398637596
  3.93515516442798	  3.34777199607764
  3.94627142195461	  3.52950022550050
  3.95738767948124	  3.71122831205030
  3.96850393700787	  3.89295649940364
  3.97962019453451	  4.07468462483575
  3.99073645206114	  4.25641279792222
  4.00185270958777	  4.43814094393143
  4.01296896711441	  4.61986911341235
  4.02408522464104	  4.80159727213190
  4.03520148216767	  4.98332544331363
  4.04631773969430	  5.16505361118931
  4.05743399722094	  5.34678178648685
  4.06855025474757	  5.52850996190616
  4.07966651227420	  5.71023814242852
  4.09078276980083	  5.89196632465881
  4.10189902732747	  6.07369451092142
  4.11301528485410	  6.25542269963118
  4.12413154238073	  6.43715089187805
  4.13524779990736	  6.61887908691975
  4.14636405743400	  6.80060728527009
  4.15748031496063	  6.98233548658102
  4.16859657248726	  7.16406369109637
  4.17971283001390	  7.34579189865319
  4.19082908754053	  7.52752010936830
  4.20194534506716	  7.70924832316598
  4.21306160259379	  7.89097654010312
  4.22417786012043	  8.07270476014522
  4.23529411764706	  8.25443298332081
  4.24641037517369	  8.15670374723926
  4.25752663270032	  8.08914515795451
  4.26864289022696	  7.95923950213547
  4.27975914775359	  7.81284474162291
  4.29087540528022	  7.70135285122975
  4.30199166280685	  7.64676475287338
  4.31310792033349	  7.61769127305937
  4.32422417786012	  7.64841641056007
  4.33534043538675	  7.76204868135959
  4.34645669291339	  7.92107392439927
  4.35757295044002	  7.98877741001816
  4.36868920796665	  7.98098870566612
  4.37980546549328	  7.92865705666731
  4.39092172301992	  7.83993270854629
  4.40203798054655	  7.69020051749405
  4.41315423807318	  7.50479013905116
  4.42427049559982	  7.35744655432075
  4.43538675312645	  7.21406438437618
  4.44650301065308	  7.00609088592849
  4.45761926817971	  6.78874172046861
  4.46873552570635	  6.61724431807423
  4.47985178323298	  6.48150298259308
  4.49096804075961	  6.37835121906356
  4.50208429828624	  6.33872694268772
  4.51320055581288	  6.38195538541836
  4.52431681333951	  6.37333910101416
  4.53543307086614	  6.27560136301453
  4.54654932839277	  6.11565553105520
  4.55766558591941	  5.92929026975959
  4.56878184344604	  5.67261264128954
  4.57989810097267	  5.38984263347493
  4.59101435849931	  5.13476686585221
  4.60213061602594	  4.93158327426762
  4.61324687355257	  4.65126727133492
  4.62436313107920	  4.36239866015862
  4.63547938860584	  4.11633762591799
  4.64659564613247	  3.90550627067161
  4.65771190365910	  3.72883350841456
  4.66882816118573	  3.61338244633166
  4.67994441871237	  3.57703175870635
  4.69106067623900	  3.46630022933425
  4.70217693376563	  3.28784860866393
  4.71329319129226	  3.06919665671832
  4.72440944881890	  2.81871554640987
  4.73552570634553	  2.52319528524646
  4.74664196387216	  2.23128443472980
  4.75775822139880	  2.00247569479207
  4.76887447892543	  1.72377039037751
  4.77999073645206	  1.42220574884555
  4.79110699397869	  1.14738051574778
  4.80222325150533	  0.91804359253666
  4.81333950903196	  0.71606675783758
  4.82445576655859	  0.57166920267409
  4.83557202408522	  0.52309156736060
  4.84668828161186	  0.42110392942665
  4.85780453913849	  0.25082295074921
  4.86892079666512	  0.03593229973105
  4.88003705419176	 -0.19051677094914
  4.89115331171839	 -0.19043019713522
  4.90226956924502	 -0.19032838171354
  4.91338582677165	 -0.19026874108226
  4.92450208429829	 -0.19020688121455
  4.93561834182492	 -0.19010022464049
  4.94673459935155	 -0.19001069068204
  4.95785085687818	 -0.18998760857063
  4.96896711440482	 -0.18998760857063
  4.98008337193145	 -0.18998760857063
  4.99119962945808	 -0.18998760857063
  5.00231588698471	 -0.15202412518870
  5.01343214451135	 -0.15202408523823
  5.02454840203798	 -0.15202408523823
  5.03566465956461	 -0.15202408523823
  5.04678091709125	 -0.15202408523823
  5.05789717461788	 -0.15195842413073
  5.06901343214451	 -0.15189173796962
  5.08012968967114	 -0.15189173796962
  5.09124594719778	 -0.15189173796962
  5.10236220472441	 -0.15184458790757
  5.11347846225104	 -0.15178913839567
  5.12459471977767	 -0.15178913839567
  5.13571097730431	 -0.15178903346545
  5.14682723483094	 -0.15178903346545
  5.15794349235757	 -0.09589115250881
  5.16905974988421	  0.05618579582782
  5.18017600741084	  0.17410268126090
  5.19129226493747	  0.20180031669477
  5.20240852246410	  0.16258685145052
  5.21352477999074	  0.09331900089184
  5.22464103751737	 -0.03423684702967
  5.23575729504400	 -0.03423684702967
  5.24687355257063	 -0.03423684702967
  5.25798981009727	 -0.03423684702967
  5.26910606762390	 -0.03423684702967
  5.28022232515053	 -0.03423684702967
  5.29133858267717	 -0.03423684702967
  5.30245484020380	 -0.03423684702967
  5.31357109773043	  0.14725847440985
  5.32468735525706	  0.32913895446384
  5.33580361278370	  0.51076750448874
  5.34691987031033	  0.69256085542866
  5.35803612783696	  0.87424618293641
  5.36915238536359	  1.05600238399106
  5.38026864289023	  1.23771201162513
  5.39138490041686	  1.41945228988173
  5.40250115794349	  1.60117237259560
  5.41361741547012	  1.78290578979693
  5.42473367299676	  1.96463039717601
  5.43584993052339	  2.14636084262924
  5.44696618805002	  2.32808742159494
  5.45808244557666	  2.50981657389842
  5.46919870310329	  2.69154401913347
  5.48031496062992	  2.87327260697923
  5.49143121815655	  3.05500043705362
  5.50254747568319	  3.23672877867275
  5.51366373320982	  3.41845678253684
  5.52477999073645	  3.60018501773908
  5.53589624826308	  3.78191310221939
  5.54701250578972	  3.96364129397430
  5.55812876331635	  4.14536941916107
  5.56924502084298	  4.32709759441151
  5.58036127836962	  4.50882574095446
  5.59147753589625	  4.69055391207672
  5.60259379342288	  4.87228207168709
  5.61371005094951	  5.05401024427187
  5.62482630847615	  5.23573841320358
  5.63594256600278	  5.41746658979554
  5.64705882352941	  5.59919476634836
  5.65817508105604	  5.78092294811599
  5.66929133858268	  5.96265113151691
  5.68040759610931	  6.14437931900306
  5.69152385363594	  6.32610750890191
  5.70264011116257	  6.50783570236332
  5.71375636868921	  6.68956389860390
  5.72487262621584	  6.87129209816571
  5.73598888374247	  7.05302030068129
  5.74710514126911	  7.23474850640780
  5.75822139879574	  7.41647671517312
  5.76933765632237	  7.59820492710040
  5.78045391384900	  7.77993314210956
  5.79157017137564	  7.96166136026049
  5.80268642890227	  8.14338958151662
  5.81380268642890	  8.32511780590792
  5.82491894395553	  8.28073081957940
  5.83603520148217	  8.16959885377091
  5.84715145900880	  8.02506577834991
  5.85826771653543	  7.89654813401717
  5.86938397406207	  7.84288663015204
  5.88050023158870	  7.80119459459483
  5.89161648911533	  7.80781348895814
  5.90273274664196	  7.88926701651481
  5.91384900416860	  8.07089399028953
  5.92496526169523	  8.17118961654845
  5.93608151922186	  8.18944574681616
  5.94719777674849	  8.14975543966142
  5.95831403427513	  8.08833507388450
  5.96943029180176	  7.95543087728305
  5.98054654932839	  7.79431913821655
  5.99166280685503	  7.63111203946388
  6.00277906438166	  7.53101382899680
  6.01389532190829	  7.34560444245158
  6.02501157943492	  7.12898821500457
  6.03612783696156	  6.93787350367480
  6.04724409448819	  6.80343761875611
  6.05836035201482	  6.68744398840132
  6.06947660954145	  6.62425984530139
  6.08059286706809	  6.63901708948404
  6.09170912459472	  6.67433008555182
  6.10282538212135	  6.61228561455878
  6.11394163964798	  6.47568485532552
  6.12505789717462	  6.29773009642168
  6.13617415470125	  6.06785578400995
  6.14729041222788	  5.79062541285498
  6.15840666975452	  5.51996366785205
  6.16952292728115	  5.31981208560513
  6.18063918480778	  5.05893421805796
  6.19175544233441	  4.76809523305120
  6.20287169986105	  4.50010187894500
  6.21398795738768	  4.28643370344559
  6.22510421491431	  4.09334556185058
  6.23622047244094	  3.95173266285624
  6.24733672996758	  3.88188281937172
  6.25845298749421	  3.80585035013187
  6.26956924502084	  3.65382416085878
  6.28068550254748	  3.44872779108863
  6.29180176007411	  3.22272213284100
  6.30291801760074	  2.94075273659411
  6.31403427512737	  2.64153893730142
  6.32515053265401	  2.37440395899306
  6.33626679018064	  2.11945955931561
  6.34738304770727	  1.82188865754052
  6.35849930523390	  1.53020456079284
  6.36961556276054	  1.30000229733854
  6.38073182028717	  1.08258219003017
  6.39184807781380	  0.91076667703776
  6.40296433534044	  0.80941440398730
  6.41408059286707	  0.73851381954842
  6.42519685039370	  0.59380122704694
  6.43631310792033	  0.39329031010536
  6.44742936544697	  0.16685144057603
  6.45854562297360	 -0.10846797112389
  6.46966188050023	 -0.10836399205189
  6.48077813802686	 -0.10826691495341
  6.49189439555350	 -0.10824251260143
  6.50301065308013	 -0.10815519645592
  6.51412691060676	 -0.10804654747098
  6.52524316813339	 -0.10798346357798
  6.53635942566003	 -0.10796306668980
  6.54747568318666	 -0.10796302491241
  6.55859194071329	 -0.10796302491241
  6.56970819823993	 -0.10257621002538
  6.58082445576656	 -0.10257621002538
  6.59194071329319	 -0.10257601304524
  6.60305697081982	 -0.10257595242467
  6.61417322834646	 -0.10257595242467
  6.62528948587309	 -0.10252575211501
  6.63640574339972	 -0.10244232250454
  6.64752200092635	 -0.10239790402790
  6.65863825845299	 -0.10239790402790
  6.66975451597962	 -0.10233847059538
  6.68087077350625	 -0.10228689031605
  6.69198703103289	 -0.10228689031605
  6.70310328855952	 -0.10228685424206
  6.71421954608615	 -0.10228685424206
  6.72533580361278	 -0.07761660042052
  6.73645206113942	  0.03721077992958
  6.74756831866605	  0.19212911782973
  6.75868457619268	  0.25093121600496
  6.76980083371931	  0.23195006428846
  6.78091709124595	  0.16881960995411
  6.79203334877258	  0.06858127067423
  6.80314960629921	 -0.09200991568953
  6.81426586382585	 -0.09200991568953
  6.82538212135248	 -0.09200987496319
  6.83649837887911	 -0.09200987496319
  6.84761463640574	 -0.09200987496319
  6.85873089393238	 -0.09200987496319
  6.86984715145901	 -0.09200987496319
  6.88096340898564	 -0.09200987496319
  6.89207966651227	  0.08948755851609
  6.90319592403891	  0.27136663826229
  6.91431218156554	  0.45299610901739
  6.92542843909217	  0.63478884819000
  6.93654469661880	  0.81647457896157
  6.94766095414544	  0.99823051050859
  6.95877721167207	  1.17994031546379
  6.96989346919870	  1.36168047390268
  6.98100972672534	  1.54340063480634
  6.99212598425197	  1.72513399808540
  7.00324224177860	  1.90685863987345
  7.01435849930523	  2.08858906061254
  7.02547475683187	  2.27031565453159
  7.03659101435850	  2.45204479516003
  7.04770727188513	  2.63377224665191
  7.05882352941176	  2.81550082868858
  7.06993978693840	  2.99722866111444
  7.08105604446503	  3.17895699958783
  7.09217230199166	  3.36068500404650
  7.10328855951829	  3.54241323732843
  7.11440481704493	  3.72414132161761
  7.12552107457156	  3.90586951082290
  7.13663733209819	  4.08759763535527
  7.14775358962483	  4.26932580941417
  7.15886984715146	  4.45105395513065
  7.16998610467809	  4.63278212517559
  7.18110236220472	  4.81451028387871
  7.19221861973136	  4.99623845543835
  7.20333487725799	  5.17796662342423
  7.21445113478462	  5.35969479901450
  7.22556739231126	  5.54142297460249
  7.23668364983789	  5.72315115537849
  7.24779990736452	  5.90487933780472
  7.25891616489115	  6.08660752430305
  7.27003242241779	  6.26833571322164
  7.28114867994442	  6.45006390569608
  7.29226493747105	  6.63179210095283
  7.30338119499768	  6.81352029952716
  7.31449745252432	  6.99524850105628
  7.32561371005095	  7.17697670579413
  7.33672996757758	  7.35870491357082
  7.34784622510421	  7.54043312450794
  7.35896248263085	  7.72216133852649
  7.37007874015748	  7.90388955568562
  7.38119499768411	  8.08561777594928
  7.39231125521075	  8.26734599934707
  7.40342751273738	  8.18114261475466
  7.41454377026401	  8.04441954935954
  7.42566002779064	  7.90590185317746
  7.43677628531728	  7.81473819111929
  7.44789254284391	  7.76534012081991
  7.45900880037054	  7.75038234320308
  7.47012505789717	  7.80225907844651
  7.48124131542381	  7.94071492275833
  7.49235757295044	  8.07490615980165
  7.50347383047707	  8.12126068208471
  7.51459008800370	  8.09898537732185
  7.52570634553034	  8.04119312639842
  7.53682260305697	  7.93215680112882
  7.54793886058360	  7.77484371438708
  7.55905511811024	  7.62427307517067
  7.57017137563687	  7.50322291680196
  7.58128763316350	  7.34779496256414
  7.59240389069013	  7.14027190906120
  7.60352014821677	  6.93677480388407
  7.61463640574340	  6.80956916656752
  7.62575266327003	  6.68580549011809
  7.63686892079667	  6.60256192937774
  7.64798517832330	  6.58858060808126
  7.65910143584993	  6.66151333212579
  7.67021769337656	  6.63870922206643
  7.68133395090320	  6.53072033379141
  7.69245020842983	  6.36719550220583
  7.70356646595646	  6.18510231294828
  7.71468272348309	  5.92201899476017
  7.72579898100973	  5.64370850948446
  7.73691523853636	  5.40368873515317
  7.74803149606299	  5.17023974679316
  7.75914775358962	  4.88605245164555
  7.77026401111626	  4.60352361702508
  7.78138026864289	  4.37295831778062
  7.79249652616952	  4.16846874061621
  7.80361278369616	  4.00398032281497
  7.81472904122279	  3.90473730722179
  7.82584529874942	  3.87143020468478
  7.83696155627605	  3.74997210852182
  7.84807781380269	  3.56406223013477
  7.85919407132932	  3.34302349199694
  7.87031032885595	  3.08266159855305
  7.88142658638258	  2.78471473051866
  7.89254284390922	  2.49844335361596
  7.90365910143585	  2.26953616618963
  7.91477535896248	  1.98442289421646
  7.92589161648911	  1.68426487993430
  7.93700787401575	  1.41844212566932
  7.94812413154238	  1.19133444320977
  7.95924038906901	  0.99664002914197
  7.97035664659565	  0.86304752466440
  7.98147290412228	  0.81294762225784
  7.99258916164891	  0.69676523533347
  8.00370541917554	  0.51568317629744
  8.01482167670218	  0.29535297674707
  8.02593793422881	  0.04531920391600
  8.03705419175544	 -0.25339819324596
  8.04817044928208	 -0.25330581169414
  8.05928670680871	 -0.25325880625661
  8.07040296433534	 -0.25317981494081
  8.08151922186197	 -0.25306915035094
  8.09263547938860	 -0.25296031672198
  8.10375173691524	 -0.25293572647582
  8.11486799444187	 -0.25293572647582
  8.12598425196850	 -0.25293572647582
  8.13710050949514	 -0.25293572647582
  8.14821676702177	 -0.24565047011237
  8.15933302454840	 -0.24565047011237
  8.17044928207503	 -0.24565047011237
  8.18156553960167	 -0.24565047011237
  8.19268179712830	 -0.24559781160484
  8.20379805465493	 -0.24551563562939
  8.21491431218156	 -0.24545240534205
  8.22603056970820	 -0.24545240534205
  8.23714682723483	 -0.24545240534205
  8.24826308476146	 -0.24540091214623
  8.25937934228810	 -0.24534993591900
  8.27049559981473	 -0.24534989664004
  8.28161185734136	 -0.24534989664004
  8.29272811486799	 -0.24535015747591
  8.30384437239463	 -0.16630075751515
  8.31496062992126	  0.01535873732291
  8.32607688744789	  0.10825918044220
  8.33719314497453	  0.11570159169242
  8.34830940250116	  0.06420780275861
  8.35942566002779	 -0.00733281656172
  8.37054191755442	 -0.00733281656172
  8.38165817508106	 -0.00733281656172
  8.39277443260769	 -0.00733281656172
  8.40389069013432	 -0.00733281656172
  8.41500694766095	 -0.00733281656172
  8.42612320518759	 -0.00733281656172
  8.43723946271422	 -0.00733281656172
  8.44835572024085	 -0.00733281656172
  8.45947197776749	 -0.00733281656172
  8.47058823529412	  0.17415267652227
  8.48170449282075	  0.35603967358450
  8.49282075034738	  0.53766392777159
  8.50393700787401	  0.71946012947626
  8.51505326540065	  0.90114356920045
  8.52616952292728	  1.08290102618734
  8.53728578045391	  1.26460981932531
  8.54840203798055	  1.44635065478700
  8.55951829550718	  1.62807036636927
  8.57063455303381	  1.80980403257514
  8.58175081056044	  1.99152847395732
  8.59286706808708	  2.17325903155383
  8.60398332561371	  2.35498553592475
  8.61509958314034	  2.53671473918876
  8.62621584066697	  2.71844215081818
  8.63733209819361	  2.90017076209044
  8.64844835572024	  3.08189857705641
  8.65956461324687	  3.26362692962745
  8.67068087077351	  3.44535492677908
  8.68179712830014	  3.62708316724266
  8.69291338582677	  3.80881124884050
  8.70402964335340	  3.99053944329033
  8.71514590088004	  4.17226756740223
  8.72626215840667	  4.35399574414896
  8.73737841593330	  4.53572389043370
  8.74849467345994	  4.71745206249743
  8.75961093098657	  4.89918022222925
  8.77072718851320	  5.08090839549770
  8.78184344603983	  5.26263656472841
  8.79295970356647	  5.44436474188395
  8.80407596109310	  5.62609291881938
  8.81519221861973	  5.80782110109465
  8.82630847614636	  5.98954928491793
  8.83742473367300	  6.17127747288581
  8.84854099119963	  6.35300566322621
  8.85965724872626	  6.53473385715755
  8.87077350625290	  6.71646205384918
  8.88188976377953	  6.89819025387575
  8.89300602130616	  7.07991845684733
  8.90412227883279	  7.26164666303659
  8.91523853635942	  7.44337487226070
  8.92635479388606	  7.62510308465020
  8.93747105141269	  7.80683130011990
  8.94858730893932	  7.98855951873323
  8.95970356646596	  8.17028774045119
  8.97081982399259	  8.35201596530541
  8.98193608151922	  8.23026736319309
  8.99305233904585	  8.08805241006621
  9.00416859657249	  7.97593678555130
  9.01528485409912	  7.92366430863107
  9.02640111162575	  7.89316381786150
  9.03751736915238	  7.91864105656996
  9.04863362667902	  8.02407067608407
  9.05974988420565	  8.20571075964983
  9.07086614173228	  8.28298419612125
  9.08198239925892	  8.28397067517512
  9.09309865678555	  8.23536151715940
  9.10421491431218	  8.17477843961706
  9.11533117183881	  8.02940915452373
  9.12644742936545	  7.86953141205133
  9.13756368689208	  7.75095702445811
  9.14867994441871	  7.63297245115175
  9.15979620194535	  7.44306109608256
  9.17091245947198	  7.23545078358885
  9.18202871699861	  7.06604184237940
  9.19314497452524	  6.94021313431118
  9.20426123205188	  6.84144254795371
  9.21537748957851	  6.80228494848793
  9.22649374710514	  6.84453394851015
  9.23761000463177	  6.86491760297455
  9.24872626215841	  6.79059663960851
  9.25984251968504	  6.64757580314402
  9.27095877721167	  6.47077624701739
  9.28207503473830	  6.23045091938881
  9.29319129226494	  5.95333089040617
  9.30430754979157	  5.69387507263526
  9.31542380731820	  5.49608752667221
  9.32654006484484	  5.22748683182850
  9.33765632237147	  4.93893537247450
  9.34877257989810	  4.68315895504758
  9.35988883742473	  4.47317870189612
  9.37100509495137	  4.29021377468436
  9.38212135247800	  4.16368417593020
  9.39323761000463	  4.11143398450692
  9.40435386753127	  4.02396701620542
  9.41547012505790	  3.86276152930308
  9.42658638258453	  3.65299694952861
  9.43770264011116	  3.42792761355243
  9.44881889763779	  3.14018893996496
  9.45993515516443	  2.84321926908720
  9.47105141269106	  2.58599816028446
  9.48216767021769	  2.32165565579108
  9.49328392774433	  2.02205780413553
  9.50440018527096	  1.73626923164430
  9.51551644279759	  1.50594117049810
  9.52663270032422	  1.29378116407473
  9.53774895785086	  1.13151483357163
  9.54886521537749	  1.04191326887983
  9.55998147290412	  0.95640750137700
  9.57109773043075	  0.79937095517248
  9.58221398795739	  0.59116609150842
  9.59333024548402	  0.36296526673952
  9.60444650301065	  0.07861568758719
  9.61556276053729	 -0.22569576625224
  9.62667901806392	 -0.22561745017491
  9.63779527559055	 -0.22557005517834
  9.64891153311718	 -0.22547371810930
  9.66002779064382	 -0.22537336406576
  9.67114404817045	 -0.22532430096548
  9.68226030569708	 -0.22530541982114
  9.69337656322372	 -0.22530541982114
  9.70449282075035	 -0.22530541982114
  9.71560907827698	 -0.20013871851052
  9.72672533580361	 -0.20013849811806
  9.73784159333024	 -0.20013849811806
  9.74895785085688	 -0.20013842899325
  9.76007410838351	 -0.20013827966894
  9.77119036591014	 -0.20006985761243
  9.78230662343678	 -0.19998342315020
  9.79342288096341	 -0.19993308826112
  9.80453913849004	 -0.19993308826112
  9.81565539601667	 -0.19987768980490
  9.82677165354331	 -0.19982360217756
  9.83788791106994	 -0.19982360217756
  9.84900416859657	 -0.19982360217756
  9.86012042612320	 -0.19982355622043
  9.87123668364984	 -0.15408208491436
  9.88235294117647	 -0.01386122506395
  9.89346919870310	  0.11529275179156
  9.90458545622974	  0.15172962186531
  9.91570171375637	  0.11727955046687
  9.92681797128300	  0.04813351321549
  9.93793422880963	 -0.07438499461144
  9.94905048633627	 -0.07438499461144
  9.96016674386290	 -0.07438499461144
  9.97128300138953	 -0.07438499461144
  9.98239925891617	 -0.07438499461144
  9.99351551644280	 -0.07438488841227
 10.00463177396943	 -0.07438488841227
 10.01574803149606	 -0.07438488841227
 10.02686428902270	 -0.07438488841227
 10.03798054654933	  0.10709162789657
 10.04909680407596	  0.28898458544731
 10.06021306160259	  0.47060490209750
 10.07132931912923	  0.65240371882876
 10.08244557665586	  0.83408542150853
 10.09356183418249	  1.01584403347919
 10.10467809170912	  1.19755205514759
 10.11579434923576	  1.37929340388951
 10.12691060676239	  1.56101277031729
 10.13802686428902	  1.74274666581085
 10.14914312181565	  1.92447095143407
 10.16025937934229	  2.10620161179474
 10.17137563686892	  2.28792804510093
 10.18249189439555	  2.46965729439203
 10.19360815192219	  2.65138467308387
 10.20472440944882	  2.83311330478328
 10.21584066697545	  3.01484110409311
 10.22695692450209	  3.19656946547673
 10.23807318202872	  3.37829745486268
 10.24918943955535	  3.56002569884688
 10.26030569708198	  3.74175377631298
 10.27142195460861	  3.92348197175084
 10.28253821213525	  4.10521009328857
 10.29365446966188	  4.28693826989122
 10.30477072718851	  4.46866641436944
 10.31588698471515	  4.65039458576225
 10.32700324224178	  4.83212274404381
 10.33811949976841	  5.01385091639446
 10.34923575729504	  5.19557908434038
 10.36035201482168	  5.37730726046140
 10.37146827234831	  5.55903543618861
 10.38258452987494	  5.74076361737340
 10.39370078740157	  5.92249180002346
 10.40481704492821	  6.10421998687337
 10.41593330245484	  6.28594817605601
 10.42704955998147	  6.46767636885528
 10.43816581750811	  6.64940456439540
 10.44928207503474	  6.83113276328215
 10.46039833256137	  7.01286096510410
 10.47151459008800	  7.19458917014877
 10.48263084761464	  7.37631737822307
 10.49374710514127	  7.55804558946462
 10.50486336266790	  7.73977380378334
 10.51597962019454	  7.92150202124605
 10.52709587772117	  8.10323024181139
 10.53821213524780	  8.28495846551262
 10.54932839277443	  8.18311924414117
 10.56044465030106	  8.04408038300224
 10.57156090782770	  7.91711626327666
 10.58267716535433	  7.86693690044851
 10.59379342288096	  7.82543091905723
 10.60490968040760	  7.82827635874682
 10.61602593793423	  7.90273610180736
 10.62714219546086	  8.08432376725799
 10.63825845298749	  8.19429279361395
 10.64937471051413	  8.22082723080134
 10.66049096804076	  8.18636156095005
 10.67160722556739	  8.12576992088978
 10.68272348309402	  7.99956549065414
 10.69383974062066	  7.83835843917740
 10.70495599814729	  7.69777969667542
 10.71607225567392	  7.63685830819822
 10.72718851320056	  7.47247822556268
 10.73830477072719	  7.26885389212655
 10.74942102825382	  7.08275365597254
 10.76053728578045	  6.96068138084207
 10.77165354330709	  6.85120655564106
 10.78276980083372	  6.78992601852318
 10.79388605836035	  6.80417830190155
 10.80500231588699	  6.88365928707410
 10.81611857341362	  6.84705225437934
 10.82723483094025	  6.73006304252678
 10.83835108846688	  6.56468325283413
 10.84946734599352	  6.35514948118389
 10.86058360352015	  6.08787307538979
 10.87169986104678	  5.81668506746877
 10.88281611857341	  5.59417676986125
 10.89393237610005	  5.34939189623064
 10.90504863362668	  5.06342500777422
 10.91616489115331	  4.78949109592616
 10.92728114867994	  4.58004316991477
 10.93839740620658	  4.38341739211032
 10.94951366373321	  4.23248075165443
 10.96062992125984	  4.15047021240519
 10.97174617878647	  4.09941897384259
 10.98286243631311	  3.96746804436773
 10.99397869383974	  3.77482396200364
 11.00509495136637	  3.55234632977123
 11.01621120889301	  3.28308679371383
 11.02732746641964	  2.98395984235237
 11.03844372394627	  2.70460653188233
 11.04955998147291	  2.47652241843791
 11.06067623899954	  2.18612446051670
 11.07179249652617	  1.88856734767232
 11.08290875405280	  1.63275878587486
 11.09402501157943	  1.40876822305569
 11.10514126910607	  1.22204323956749
 11.11625752663270	  1.09960214526053
 11.12737378415933	  1.04819469489782
 11.13849004168597	  0.91867845677642
 11.14960629921260	  0.72794263510575
 11.16072255673923	  0.50343128591272
 11.17183881426586	  0.24120479638354
 11.18295507179250	 -0.06114372706747
 11.19407132931913	 -0.06105798092527
 11.20518758684576	 -0.06103143381364
 11.21630384437239	 -0.06093460224802
 11.22742010189903	 -0.06082430044675
 11.23853635942566	 -0.06073974007448
 11.24965261695229	 -0.06071454913233
 11.26076887447893	 -0.06071439610280
 11.27188513200556	 -0.06071439610280
 11.28300138953219	 -0.06071419414837
 11.29411764705882	 -0.06071419414837
 11.30523390458546	 -0.06071419414837
 11.31635016211209	 -0.06071419414837
 11.32746641963872	 -0.06071419414837
 11.33858267716536	 -0.06066574121824
 11.34969893469199	 -0.06057388582696
 11.36081519221862	 -0.06051618868615
 11.37193144974525	 -0.06051612799075
 11.38304770727188	 -0.06047397324427
 11.39416396479852	 -0.06041423389865
 11.40528022232515	 -0.06037461018752
 11.41639647985178	 -0.06037461018752
 11.42751273737842	 -0.06037461018752
 11.43862899490505	 -0.06037461018752
 11.44974525243168	  0.04282409726389
 11.46086150995831	  0.22453733519510
 11.47197776748495	  0.29352527351341
 11.48309402501158	  0.28121590381714
 11.49421028253821	  0.22023515632754
 11.50532654006484	  0.12769220642008
 11.51644279759148	 -0.03140166820884
 11.52755905511811	 -0.03140159792057
 11.53867531264474	 -0.03140159792057
 11.54979157017137	 -0.03140159792057
 11.56090782769801	 -0.03140155156940
 11.57202408522464	 -0.03140144404489
 11.58314034275127	 -0.03140144404489
 11.59425660027791	 -0.03140144404489
 11.60537285780454	 -0.03140144404489
 11.61648911533117	  0.15007264608415
 11.62760537285781	  0.33196721732933
 11.63872163038444	  0.51358646911893
 11.64983788791107	  0.69538599517436
 11.66095414543770	  0.87706722811127
 11.67207040296434	  1.05882615438493
 11.68318666049097	  1.24053396783229
 11.69430291801760	  1.42227545700781
 11.70541917554423	  1.60399473075090
 11.71653543307087	  1.78572868963004
 11.72765169059750	  1.96745293394613
 11.73876794812413	  2.14918362331372
 11.74988420565076	  2.33091003830365
 11.76100046317740	  2.51263930115643
 11.77211672070403	  2.69436667188242
 11.78323297823066	  2.87609531015404
 11.79434923575729	  3.05782310618192
 11.80546549328393	  3.23955147094950
 11.81658175081056	  3.42127945918013
 11.82769800833719	  3.60300770507946
 11.83881426586383	  3.78473578235475
 11.84993052339046	  3.96646397909489
 11.86104678091709	  4.14819210096160
 11.87216303844372	  4.32992027855903
 11.88327929597036	  4.51164842357792
 11.89439555349699	  4.69337659582327
 11.90551181102362	  4.87510475474483
 11.91662806855025	  5.05683292788230
 11.92774432607689	  5.23856109651538
 11.93886058360352	  5.71388740834751
 11.94997684113015	  6.19096984442243
 11.96109309865679	  6.66690851717585
 11.97220935618342	  7.14359163336902
 11.98332561371005	  7.61978904008415
 11.99444187123668	  8.09630365290939
 12.00555812876332	  8.57261083589307
 12.01667438628995	  9.04905396692736
 12.02779064381658	  9.52540799179479
 12.03890690134321	 10.00182065788581
 12.05002315886985	 10.47819481927073
 12.06113941639648	 11.15446414768877
 12.07225567392311	 11.83245045992405
 12.08337193144975	 12.50932370640722
 12.09448818897638	 12.89299759131013
 12.10560444650301	 13.27495202412770
 12.11672070402964	 13.65802560594106
 12.12783696155628	 13.73611148332986
 12.13895321908291	 13.80749648298707
 12.15006947660954	 13.92130395427105
 12.16118573413617	 14.07873434746205
 12.17230199166281	 14.26666089181940
 12.18341824918944	 14.51535241478172
 12.19453450671607	 14.84702290211520
 12.20565076424271	 15.19209961264001
 12.21676702176934	 15.45020314941452
 12.22788327929597	 15.43736493821368
 12.23899953682260	 15.38520471277559
 12.25011579434924	 15.28888260073658
 12.26123205187587	 15.13866487044400
 12.27234830940250	 14.98815258121295
 12.28346456692913	 14.89106650976329
 12.29458082445577	 14.78892669240874
 12.30569708198240	 14.60265371214532
 12.31681333950903	 14.41231886230134
 12.32792959703566	 14.27194444709236
 12.33904585456230	 14.16090421349720
 12.35016211208893	 14.08486394328233
 12.36127836961556	 14.07380925994411
 12.37239462714219	 14.16229302196122
 12.38351088466883	 14.16994739436194
 12.39462714219546	 14.08767320266323
 12.40574339972209	 13.94404261381434
 12.41685965724873	 13.77489205968394
 12.42797591477536	 13.53171579981595
 12.43909217230199	 13.26310387643144
 12.45020842982863	 13.02293880172285
 12.46132468735526	 12.83407578619088
 12.47244094488189	 12.56549381912790
 12.48355720240852	 12.28744249446606
 12.49467345993516	 12.05151598338415
 12.50578971746179	 11.85170942200541
 12.51690597498842	 11.68486777621566
 12.52802223251505	 11.57835122136634
 12.53913849004169	 11.55503798235210
 12.55025474756832	 11.45981805168410
 12.56137100509495	 11.29447000082255
 12.57248726262158	 11.08601240542908
 12.58360352014822	 10.84879727430702
 12.59471977767485	 10.56248262233802
 12.60583603520148	 10.27516708649058
 12.61695229272812	 10.03449203543142
 12.62806855025475	  9.76756334169906
 12.63918480778138	  9.47328334712122
 12.65030106530801	  9.20040146066398
 12.66141732283464	  8.97613646241191
 12.67253358036128	  8.77500805055309
 12.68364983788791	  8.62707738297603
 12.69476609541454	  8.55266530717464
 12.70588235294118	  8.45682111017332
 12.71699861046781	  8.29296058714919
 12.72811486799444	  8.08335431142607
 12.73923112552107	  7.85985949393976
 12.75034738304771	  7.57435198797868
 12.76146364057434	  7.27807159651626
 12.77257989810097	  7.02220862042620
 12.78369615562761	  6.76936701002068
 12.79481241315424	  6.47462816150025
 12.80592867068087	  6.18924937748800
 12.81704492820750	  5.97705507077163
 12.82816118573414	  5.78033471872361
 12.83927744326077	  5.63559955955248
 12.85039370078740	  5.57218945532732
 12.86150995831403	  5.59326513225904
 12.87262621584067	  5.52301354539511
 12.88374247336730	  5.38527716230045
 12.89485873089393	  5.20955847984314
 12.90597498842057	  5.00258552747544
 12.91709124594720	  4.74323742023469
 12.92820750347383	  4.48670530970240
 12.93932376100046	  4.29043936998595
 12.95044001852709	  4.09371944417900
 12.96155627605373	  3.85427344526908
 12.97267253358036	  3.62960507130895
 12.98378879110699	  3.47701688752632
 12.99490504863363	  3.36882151265644
 13.00602130616026	  3.31783361752942
 13.01713756368689	  3.35749456566334
 13.02825382121353	  3.53908081500245
 13.03937007874016	  3.64371993462648
 13.05048633626679	  3.66043938396250
 13.06160259379342	  3.61450969769183
 13.07271885132006	  3.54385734352379
 13.08383510884669	  3.40469609422512
 13.09495136637332	  3.23283521186360
 13.10606762389995	  3.08509479286726
 13.11718388142659	  3.01768955438439
 13.12830013895322	  2.88285613685085
 13.13941639647985	  2.71863779645692
 13.15053265400648	  2.57963689198315
 13.16164891153312	  2.51955239810164
 13.17276516905975	  2.47697693712843
 13.18388142658638	  2.48655640502664
 13.19499768411301	  2.66811823385604
 13.20611394163965	  2.84995509585321
 13.21723019916628	  3.03161223196627
 13.22834645669291	  3.21338686379008
 13.23946271421955	  3.39508454906600
 13.25057897174618	  3.57683268181904
 13.26169522927281	  3.75854769470321
 13.27281148679944	  3.94028448778751
 13.28392774432608	  4.12200694487468
 13.29504400185271	  4.30373886036076
 13.30616025937934	  4.48546453412081
 13.31727651690598	  4.66719434165996
 13.32839277443261	  4.84892141555132
 13.33950903195924	  5.03065030857417
 13.35062528948587	  5.21237799758329
 13.36174154701251	  5.39410649330783
 13.37285780453914	  5.57583445619975
 13.38397406206577	  5.75756278014590
 13.39509031959240	  5.93929086767694
 13.40620657711904	  6.12101911880132
 13.41732283464567	  6.30274726528321
 13.42843909217230	  6.48447548729261
 13.43955534969894	  6.66620366362744
 13.45067160722557	  6.84793187595669
 13.46178786475220	  7.02966006917325
 13.47290412227883	  7.21138828052475
 13.48402037980546	  7.39311648480614
 13.49513663733210	  7.57484469910539
 13.50625289485873	  7.75657291182955
 13.51736915238536	  7.93830113086189
 13.52848540991200	  8.12002935084279
 13.53960166743863	  8.30175757542849
 13.55071792496526	  8.48348580212978
 13.56183418249189	  8.66521403265119
 13.57295044001853	  8.84694226583223
 13.58406669754516	  9.02867050247177
 13.59518295507179	  9.21039874202735
 13.60629921259843	  9.39212698487565
 13.61741547012506	  9.57385523076295
 13.62853172765169	  9.75558347986827
 13.63964798517832	  9.93731173207335
 13.65076424270496	 10.11903998746430
 13.66188050023159	 10.30076824598666
 13.67299675775822	 10.48249650768274
 13.68411301528485	 10.66422477252819
 13.69522927281149	 10.84595304054461
 13.70634553033812	 10.71094956512992
 13.71746178786475	 10.60034428565135
 13.72857804539139	 10.55245724377135
 13.73969430291802	 10.52227427852010
 13.75081056044465	 10.54440277322835
 13.76192681797128	 10.64286828030887
 13.77304307549791	 10.82454942582272
 13.78415933302455	 10.91144156945101
 13.79527559055118	 10.92080457341781
 13.80639184807781	 10.87761124707889
 13.81750810560445	 10.81814210394401
 13.82862436313108	 10.67964868067510
 13.83974062065771	 10.51997203721573
 13.85085687818435	 10.39442778921277
 13.86197313571098	 10.33472519367553
 13.87308939323761	 10.16608748426185
 13.88420565076424	  9.97179900477591
 13.89532190829088	  9.80806473246697
 13.90643816581751	  9.69501623192246
 13.91755442334414	  9.60343452397898
 13.92867068087077	  9.56703784348840
 13.93978693839741	  9.60977775425190
 13.95090319592404	  9.65876908920482
 13.96201945345067	  9.61001210607520
 13.97313571097730	  9.48690071744068
 13.98425196850394	  9.32313426645767
 13.99536822603057	  9.10322890050213
 14.00648448355720	  8.83638233752095
 14.01760074108383	  8.57710261680505
 14.02871699861047	  8.38851004928460
 14.03983325613710	  8.13619025023668
 14.05094951366373	  7.85285898871720
 14.06206577119037	  7.59197458275468
 14.07318202871700	  7.38687135634390
 14.08429828624363	  7.20136875687561
 14.09541454377026	  7.06686497476083
 14.10653080129690	  7.00419535884326
 14.11764705882353	  6.94246694346492
 14.12876331635016	  6.80191186649984
 14.13987957387680	  6.60510094900331
 14.15099583140343	  6.38413252651438
 14.16211208893006	  6.10918727377426
 14.17322834645669	  5.81246412686011
 14.18434460398333	  5.54347168718619
 14.19546086150996	  5.29827543685937
 14.20657711903659	  5.00591965589715
 14.21769337656322	  4.71441461281792
 14.22880963408986	  4.48750907390814
 14.23992589161649	  4.26945073442974
 14.25104214914312	  4.09302280237514
 14.26215840666976	  3.98344911481264
 14.27327466419639	  3.93204608541199
 14.28439092172302	  3.79159118798405
 14.29550717924965	  3.59411417154810
 14.30662343677628	  3.36855985038818
 14.31773969430292	  3.09799825610732
 14.32885595182955	  2.79607892784645
 14.33997220935618	  2.51365089498820
 14.35108846688282	  2.28993640220781
 14.36220472440945	  2.00233147331350
 14.37332098193608	  1.70239284246660
 14.38443723946271	  1.44338877966573
 14.39555349698935	  1.23126394182798
 14.40666975451598	  1.05706246118889
 14.41778601204261	  0.95377802905862
 14.42890226956925	  0.94358577065681
 14.44001852709588	  0.89995863711091
 14.45113478462251	  0.78068060213794
 14.46225104214914	  0.61018780077233
 14.47336729967578	  0.42389536842795
 14.48448355720241	  0.17282126182096
 14.49559981472904	 -0.09795787400218
 14.50671607225567	 -0.09790312366267
 14.51783232978231	 -0.09790312366267
 14.52894858730894	 -0.09784990909290
 14.54006484483557	 -0.09778726331771
 14.55118110236221	 -0.09778715062022
 14.56229735988884	 -0.09778715062022
 14.57341361741547	 -0.09778700341722
 14.58452987494210	 -0.09778713015538
 14.59564613246873	  0.00255448896982
 14.60676238999537	  0.14377715878664
 14.61787864752200	  0.19015339184163
 14.62899490504863	  0.16181130305826
 14.64011116257527	  0.09401366017986
 14.65122742010190	 -0.02160950560894
 14.66234367762853	 -0.02160950560894
 14.67345993515516	 -0.02160950560894
 14.68457619268180	 -0.02160950560894
 14.69569245020843	 -0.02160950560894
 14.70680870773506	 -0.02160950560894
 14.71792496526170	 -0.02160950560894
 14.72904122278833	 -0.02160950560894
 14.74015748031496	 -0.02160950560894
 14.75127373784159	 -0.02160950560894
 14.76238999536823	  0.03302133576183
 14.77350625289486	  0.21462352180670
 14.78462251042149	  0.39643398918717
 14.79573876794812	  0.57810821917153
 14.80685502547476	  0.75987162540286
 14.81797128300139	  0.94157656604043
 14.82908754052802	  1.12331988689663
 14.84020379805465	  1.30503797983487
 14.85132005558129	  1.48677268597236
 14.86243631310792	  1.66849644357726
 14.87355257063455	  1.85022743598601
 14.88466882816119	  2.03195364871249
 14.89578508568782	  2.21368303270571
 14.90690134321445	  2.39541031773812
 14.91801760074108	  2.57713900272110
 14.92913385826772	  2.75886676085149
 14.94025011579435	  2.94059514192801
 14.95136637332098	  3.12232311189587
 14.96248263084761	  3.30405136173807
 14.97359888837425	  3.48577942886492
 14.98471514590088	  3.66750762336546
 14.99583140342751	  3.84923573693024
 15.00694766095415	  4.03096391092977
 15.01806391848078	  4.21269204998665
 15.02918017600741	  4.39442021777261
 15.04029643353404	  4.57614837126789
 15.05141269106068	  4.75787653958893
 15.06252894858731	  4.93960470300899
 15.07364520611394	  5.12133287491930
 15.08476146364058	  5.30306104622506
 15.09587772116721	  5.48478922311878
 15.10699397869384	  5.66651740138665
 15.11811023622047	  5.84824558390721
 15.12922649374710	  6.02997376871968
 15.14034275127374	  6.21170195716895
 15.15145900880037	  6.39343014833945
 15.16257526632700	  6.57515834286294
 15.17369152385364	  6.75688654031100
 15.18480778138027	  6.93861474098226
 15.19592403890690	  7.12034294467634
 15.20704029643353	  7.30207115153564
 15.21815655396017	  7.48379936146694
 15.22927281148680	  7.66552757453910
 15.24038906901343	  7.84725579070940
 15.25150532654007	  8.02898401001202
 15.26262158406670	  8.21071223242813
 15.27373784159333	  8.39244045797544
 15.28485409911996	  8.26852117702949
 15.29597035664660	  8.19880479570011
 15.30708661417323	  8.15854463943443
 15.31820287169986	  8.15884301764970
 15.32931912922649	  8.22743905792542
 15.34043538675313	  8.38282682070546
 15.35155164427976	  8.50201962328781
 15.36266790180639	  8.53703450758674
 15.37378415933303	  8.50847635939067
 15.38490041685966	  8.44986542481585
 15.39601667438629	  8.33151670328145
 15.40713293191292	  8.17195651875253
 15.41824918943956	  8.02600362461354
 15.42936544696619	  7.96534208568433
 15.44048170449282	  7.84186140503701
 15.45159796201945	  7.65342763582878
 15.46271421954609	  7.47460514780466
 15.47383047707272	  7.36665455258006
 15.48494673459935	  7.26549638673251
 15.49606299212598	  7.20776715860353
 15.50717924965262	  7.22270674351297
 15.51829550717925	  7.31685532632004
 15.52941176470588	  7.30664516785590
 15.54052802223252	  7.21095933840575
 15.55164427975915	  7.06019659415387
 15.56276053728578	  6.89188336037764
 15.57387679481241	  6.63744633667370
 15.58499305233905	  6.36870073938117
 15.59610930986568	  6.13983415922254
 15.60722556739231	  5.91393398414595
 15.61834182491894	  5.63598142251116
 15.62945808244558	  5.35922687529198
 15.64057433997221	  5.13480720128855
 15.65169059749884	  4.93709582331971
 15.66280685502547	  4.77899312551827
 15.67392311255211	  4.68636127737907
 15.68503937007874	  4.66411626944413
 15.69615562760537	  4.55421539514236
 15.70727188513201	  4.37653679489867
 15.71838814265864	  4.16037419541153
 15.72950440018527	  3.90705192849984
 15.74062065771190	  3.61153621228511
 15.75173691523853	  3.32333873906374
 15.76285317276517	  3.09664478391566
 15.77396943029180	  2.81679809559654
 15.78508568781843	  2.51695557002511
 15.79620194534507	  2.24657867443464
 15.80731820287170	  2.01892191855158
 15.81843446039833	  1.81983608095318
 15.82955071792497	  1.67833937665942
 15.84066697545160	  1.62486401939433
 15.85178323297823	  1.51235881611891
 15.86289949050486	  1.33386004739006
 15.87401574803150	  1.11404288102961
 15.88513200555813	  0.88603029536825
 15.89624826308476	  0.58925264174256
 15.90736452061140	  0.29047265343311
 15.91848077813803	  0.04086294320351
 15.92959703566466	 -0.22957522692861
 15.94071329319129	 -0.22946959972104
 15.95182955071792	 -0.22938820243324
 15.96294580824456	 -0.22936480619251
 15.97406206577119	 -0.22936480619251
 15.98517832329782	 -0.22936480619251
 15.99629458082446	 -0.22936480619251
 16.00741083835109	 -0.22936480619251
 16.01852709587772	 -0.22936480619251
 16.02964335340435	 -0.22936480619251
 16.04075961093099	 -0.22936480619251
 16.05187586845762	 -0.22931377536079
 16.06299212598425	 -0.22920532348302
 16.07410838351088	 -0.22912733057108
 16.08522464103752	 -0.22912733057108
 16.09634089856415	 -0.22908418154556
 16.10745715609078	 -0.22901146888291
 16.11857341361742	 -0.22896531796135
 16.12968967114405	 -0.22896531796135
 16.14080592867068	 -0.22896527983476
 16.15192218619731	 -0.22896509774378
 16.16303844372394	 -0.17419326147219
 16.17415470125058	 -0.01862893062386
 16.18527095877721	  0.06152083966598
 16.19638721630384	  0.05711634493297
 16.20750347383048	 -0.00057256632996
 16.21861973135711	 -0.00057256632996
 16.22973598888374	 -0.00057256632996
 16.24085224641038	 -0.00057256632996
 16.25196850393701	 -0.00057256632996
 16.26308476146364	 -0.00057256632996
 16.27420101899027	 -0.00057256632996
 16.28531727651691	 -0.00057256632996
 16.29643353404354	 -0.00057256632996
 16.30754979157017	 -0.00057244541577
 16.31866604909681	 -0.00057238707713
 16.32978230662344	  0.02627900750309
 16.34089856415007	  0.13450395490448
 16.35201482167670	  0.31618836089031
 16.36313107920333	  0.49794499500140
 16.37424733672997	  0.67965443117419
 16.38536359425660	  0.86139474875916
 16.39647985178323	  1.04311483876143
 16.40759610930987	  1.22484820168138
 16.41871236683650	  1.40657285096946
 16.42982862436313	  1.58830323757217
 16.44094488188976	  1.77002984969644
 16.45206113941640	  1.95175895740957
 16.46317739694303	  2.13348642119241
 16.47429365446966	  2.31521497814607
 16.48540991199630	  2.49694281551821
 16.49652616952293	  2.67867113571997
 16.50764242704956	  2.86039913980119
 16.51875868457619	  3.04212735940986
 16.52987494210283	  3.22385544009497
 16.54099119962946	  3.40558361846255
 16.55210745715609	  3.58731173620974
 16.56322371468272	  3.76903989931582
 16.57433997220935	  3.95076803778377
 16.58545622973599	  4.13249619854052
 16.59657248726262	  4.31422434940521
 16.60768874478925	  4.49595251207730
 16.61880500231589	  4.67768067191036
 16.62992125984252	  4.85940883881261
 16.64103751736915	  5.04113700607923
 16.65215377489578	  5.22286517826140
 16.66327003242242	  5.40459335227338
 16.67438628994905	  5.58632153021781
 16.68550254747568	  5.76804971066792
 16.69661880500232	  5.94977789460083
 16.70773506252895	  6.13150608135442
 16.71885132005558	  6.31323427138565
 16.72996757758222	  6.49496246438668
 16.74108383510885	  6.67669066057293
 16.75220009263548	  6.85841885980146
 16.76331635016211	  7.04014706217498
 16.77443260768874	  7.22187526762769
 16.78554886521538	  7.40360347620949
 16.79666512274201	  7.58533168789077
 16.80778138026864	  7.76705990269662
 16.81889763779527	  7.94878812061449
 16.83001389532191	  8.13051634165775
 16.84113015284854	  8.31224456582191
 16.85224641037517	  8.49397279311482
 16.86336266790181	  8.40189994186441
 16.87447892542844	  8.35646617832750
 16.88559518295507	  8.33879243005328
 16.89671144048170	  8.38045527494213
 16.90782769800834	  8.50335324054454
 16.91894395553497	  8.65589855490228
 16.93006021306160	  8.72018905090521
 16.94117647058824	  8.71163714167636
 16.95229272811487	  8.66035839902152
 16.96340898564150	  8.57015877195251
 16.97452524316813	  8.42009939657920
 16.98564150069476	  8.26283282454620
 16.99675775822140	  8.15306785234785
 17.00787401574803	  8.05618054063373
 17.01899027327466	  7.90338795839372
 17.03010653080130	  7.71890988188098
 17.04122278832793	  7.57777479900512
 17.05233904585456	  7.47372764790938
 17.06345530338120	  7.39990191788221
 17.07457156090783	  7.38823692727414
 17.08568781843446	  7.45931069858760
 17.09680407596109	  7.49245016093974
 17.10792033348773	  7.43047604776465
 17.11903659101436	  7.30016827997571
 17.13015284854099	  7.13703854050371
 17.14126910606763	  6.90540509923055
 17.15238536359426	  6.63778680090217
 17.16350162112089	  6.38938192977436
 17.17461787864752	  6.20233172381362
 17.18573413617415	  5.94057589342775
 17.19685039370079	  5.65825358062234
 17.20796665122742	  5.40894332685127
 17.21908290875405	  5.20643480989440
 17.23019916628069	  5.03043187430595
 17.24131542380732	  4.91095716412510
 17.25243168133395	  4.86641414678973
 17.26354793886058	  4.79184242256528
 17.27466419638722	  4.64031980651519
 17.28578045391385	  4.43689916138664
 17.29689671144048	  4.21501849379017
 17.30801296896712	  3.93156609965172
 17.31912922649375	  3.63447151678108
 17.33024548402038	  3.37326798543441
 17.34136174154701	  3.11610739502646
 17.35247799907365	  2.81886829587194
 17.36359425660028	  2.53050447083210
 17.37471051412691	  2.30136203849609
 17.38582677165354	  2.08651564705066
 17.39694302918017	  1.91792104005994
 17.40805928670681	  1.81893409238616
 17.41917554423344	  1.73780310938179
 17.43029180176007	  1.58435896130799
 17.44140805928670	  1.37793011163717
 17.45252431681334	  1.14884138724409
 17.46364057433997	  0.86765822283417
 17.47475683186660	  0.56356320152004
 17.48587308939324	  0.28772007515540
 17.49698934691987	  0.06245093677285
 17.50810560444650	 -0.23372453771186
 17.51922186197314	 -0.23362697111762
 17.53033811949977	 -0.23357376796409
 17.54145437702640	 -0.23355066589366
 17.55257063455304	 -0.23355066589366
 17.56368689207967	 -0.23355066589366
 17.57480314960630	 -0.22545921537244
 17.58591940713293	 -0.22545921537244
 17.59703566465956	 -0.22545921537244
 17.60815192218620	 -0.22545921537244
 17.61926817971283	 -0.22545910405383
 17.63038443723946	 -0.22536770557270
 17.64150069476609	 -0.22526074610380
 17.65261695229273	 -0.22520643198507
 17.66373320981936	 -0.22520643198507
 17.67484946734599	 -0.22513766530628
 17.68596572487263	 -0.22507401877464
 17.69708198239926	 -0.22507401877464
 17.70819823992589	 -0.22507384462715
 17.71931449745252	 -0.22507384462715
 17.73043075497916	 -0.21352876121150
 17.74154701250579	 -0.09556201618874
 17.75266327003242	  0.02072738389461
 17.76377952755906	  0.04615434266097
 17.77489578508569	  0.00417893474180
 17.78601204261232	 -0.06758297631624
 17.79712830013895	 -0.06758297631624
 17.80824455766559	 -0.06758297631624
 17.81936081519222	 -0.06758291456967
 17.83047707271885	 -0.06758277689440
 17.84159333024548	 -0.06758277689440
 17.85270958777212	 -0.06758277689440
 17.86382584529875	 -0.06758277689440
 17.87494210282538	 -0.06758277689440
 17.88605836035202	 -0.06758277689440
 17.89717461787865	 -0.06601988033260
 17.90829087540528	  0.01081674388600
 17.91940713293191	  0.19246999546223
 17.93052339045855	  0.37424697120587
 17.94163964798518	  0.55594312829578
 17.95275590551181	  0.73769212966119
 17.96387216303845	  0.91940653352597
 17.97498842056508	  1.10114362215518
 17.98610467809171	  1.28286582219096
 17.99722093561834	  1.46459781549728
 18.00833719314497	  1.64632336626877
 18.01945345067161	  1.82805317026725
 18.03056970819824	  2.00978017072870
 18.04168596572487	  2.19150903063790
 18.05280222325150	  2.37323666385919
 18.06391848077814	  2.55496511609435
 18.07503473830477	  2.73669302903478
 18.08615099583140	  2.91842130595834
 18.09726725335804	  3.10014934510630
 18.10838351088467	  3.28187754793383
 18.11949976841130	  3.46360564607654
 18.13061602593794	  3.64533381912091
 18.14173228346457	  3.82706194658389
 18.15284854099120	  4.00879011059779
 18.16396479851783	  4.19051825578129
 18.17508105604447	  4.37224641879104
 18.18619731357110	  4.55397457489739
 18.19731357109773	  4.73570274081637
 18.20842982862436	  4.91743090523995
 18.21954608615100	  5.09915907583634
 18.23066234367763	  5.28088724740617
 18.24177860120426	  5.46261542348725
 18.25289485873089	  5.64434360167703
 18.26401111625752	  5.82607178361689
 18.27512737378416	  6.00779996819196
 18.28624363131079	  6.18952815616815
 18.29735988883743	  6.37125634702657
 18.30847614636406	  6.55298454112694
 18.31959240389069	  6.73471273822756
 18.33070866141732	  6.91644093849880
 18.34182491894395	  7.09816914182844
 18.35294117647059	  7.27989734829825
 18.36405743399722	  7.46162555785673
 18.37517369152386	  7.64335377054400
 18.38628994905049	  7.82508198633717
 18.39740620657712	  8.00681020525673
 18.40852246410375	  8.18853842729328
 18.41963872163038	  8.37026665245804
 18.43075497915702	  8.55199488074802
 18.44187123668365	  8.50712283058338
 18.45298749421028	  8.47652416450796
 18.46410375173691	  8.49515900046882
 18.47522000926355	  8.58710443886119
 18.48633626679018	  8.76880943192378
 18.49745252431681	  8.86427373515769
 18.50856878184345	  8.88085805880790
 18.51968503937008	  8.84186037894830
 18.53080129689671	  8.78252055794839
 18.54191755442334	  8.64932485174121
 18.55303381194998	  8.48859397654895
 18.56415006947661	  8.35531900560265
 18.57526632700324	  8.29390562909332
 18.58638258452988	  8.15594916194042
 18.59749884205651	  7.99524526610931
 18.60861509958314	  7.83635300760620
 18.61973135710977	  7.73519725418959
 18.63084761463641	  7.65012278006470
 18.64196387216304	  7.61609444492098
 18.65308012968967	  7.65927833523564
 18.66419638721630	  7.73625554748011
 18.67531264474294	  7.71213404742389
 18.68642890226957	  7.60793463949462
 18.69754515979620	  7.45622226971434
 18.70866141732283	  7.25559504461863
 18.71977767484947	  6.99792408462970
 18.73089393237610	  6.73784662960990
 18.74201018990273	  6.52842216737473
 18.75312644742937	  6.29127774565253
 18.76424270495600	  6.01220379332713
 18.77535896248263	  5.74526460812936
 18.78647522000926	  5.54416070930898
 18.79759147753590	  5.35525577984569
 18.80870773506253	  5.21198917067388
 18.81982399258916	  5.13815366035198
 18.83094025011579	  5.11986482880813
 18.84205650764243	  4.99919392996569
 18.85317276516906	  4.81450279718636
 18.86428902269569	  4.59685438948095
 18.87540528022233	  4.33393780149890
 18.88652153774896	  4.03674783251480
 18.89763779527559	  3.75528579547561
 18.90875405280222	  3.52926242887737
 18.91987031032885	  3.24345210096501
 18.93098656785549	  2.94558332084021
 18.94210282538212	  2.68480294628787
 18.95321908290876	  2.46004086149415
 18.96433534043539	  2.26880715317723
 18.97545159796202	  2.13855798124655
 18.98656785548865	  2.08462959745671
 18.99768411301528	  1.95975820086050
 19.00880037054192	  1.77219592115896
 19.01991662806855	  1.54842876206369
 19.03103288559518	  1.29079904589484
 19.04214914312182	  0.99044759189160
 19.05326540064845	  0.69693837475702
 19.06438165817508	  0.47002834033837
 19.07549791570171	  0.18972299108728
 19.08661417322835	 -0.11450182483738
 19.09773043075498	 -0.11442119151857
 19.10884668828161	 -0.11439739617920
 19.11996294580824	 -0.11439739617920
 19.13107920333488	 -0.11439722454886
 19.14219546086151	 -0.11439722454886
 19.15331171838815	 -0.11439722454886
 19.16442797591478	 -0.11439722454886
 19.17554423344141	 -0.11439715389245
 19.18666049096804	 -0.11439715389245
 19.19777674849467	 -0.11433391257627
 19.20889300602131	 -0.11424307744744
 19.22000926354794	 -0.11417685612231
 19.23112552107457	 -0.11417685612231
 19.24224177860120	 -0.11412100396645
 19.25335803612784	 -0.11404033220749
 19.26447429365447	 -0.11398387782938
 19.27559055118110	 -0.11398383854421
 19.28670680870773	 -0.11398383854421
 19.29782306623437	 -0.11398383854421
 19.30893932376100	 -0.04257259156884
 19.32005558128763	  0.07778239754713
 19.33117183881427	  0.13517115280616
 19.34228809634090	  0.11425034876048
 19.35340435386753	  0.04900444666152
 19.36452061139416	 -0.05791214223744
 19.37563686892080	 -0.05791214223744
 19.38675312644743	 -0.05791207218890
 19.39786938397406	 -0.05791207218890
 19.40898564150070	 -0.05791207218890
 19.42010189902733	 -0.05791207218890
 19.43121815655396	 -0.05791196190680
 19.44233441408059	 -0.05791196190680
 19.45345067160723	 -0.05791184499079
 19.46456692913386	 -0.05791184499079
 19.47568318666049	 -0.01100482862507
 19.48679944418712	  0.12243617574781
 19.49791570171375	  0.26825219776085
 19.50903195924039	  0.44990928330598
 19.52014821676702	  0.63168386298618
 19.53126447429366	  0.81338152161532
 19.54238073182029	  0.99512959367090
 19.55349698934692	  1.17684457925828
 19.56461324687355	  1.35858131498889
 19.57572950440018	  1.54030373949158
 19.58684576192682	  1.72203560274333
 19.59796201945345	  1.90376123980598
 19.60907827698009	  2.08549099886182
 19.62019453450672	  2.26721803321934
 19.63131079203335	  2.44894688003122
 19.64242704955998	  2.63067452769904
 19.65354330708661	  2.81240297839135
 19.66465956461325	  2.99413089875627
 19.67577582213988	  3.17585917811634
 19.68689207966651	  3.35758722223633
 19.69800833719314	  3.53931542872891
 19.70912459471977	  3.72104353100457
 19.72024085224641	  3.90277170798149
 19.73135710977304	  4.08449984070180
 19.74247336729968	  4.26622800912653
 19.75358962482631	  4.44795615857726
 19.76470588235294	  4.62968432599784
 19.77582213987957	  4.81141248639795
 19.78693839740621	  4.99314065671389
 19.79805465493284	  5.17486882545954
 19.80917091245948	  5.35659700044289
 19.82028716998611	  5.53832517635718
 19.83140342751274	  5.72005335682143
 19.84251968503937	  5.90178153937246
 19.85363594256600	  6.08350972569648
 19.86475220009264	  6.26523791464575
 19.87586845761927	  6.44696610701014
 19.88698471514590	  6.62869430225341
 19.89810097267253	  6.81042250074779
 19.90921723019916	  6.99215070224260
 19.92033348772580	  7.17387890691465
 19.93144974525243	  7.35560711464715
 19.94256600277907	  7.53733532552512
 19.95368226030570	  7.71906353949475
 19.96479851783233	  7.90079175659781
 19.97591477535896	  8.08251997681026
 19.98703103288559	  8.26424820015340
 19.99814729041223	  8.44597642661727
 20.00926354793886	  8.62770465621350
 20.02037980546550	  8.58962268978006
 20.03149606299213	  8.58710030535744
 20.04261232051876	  8.65095689245841
 20.05372857804539	  8.79888095764303
 20.06484483557202	  8.92682807235998
 20.07596109309866	  8.97027744841659
 20.08707735062529	  8.94815918666259
 20.09819360815192	  8.89247453321921
 20.10930986567855	  8.78288117331145
 20.12042612320519	  8.62646041498473
 20.13154238073182	  8.47697099726615
 20.14265863825845	  8.38766653181893
 20.15377489578508	  8.27173664761494
 20.16489115331172	  8.11278538343787
 20.17600741083835	  7.96623523341206
 20.18712366836498	  7.85252693225957
 20.19823992589162	  7.76127157579815
 20.20935618341825	  7.70867335517140
 20.22047244094488	  7.72546368514796
 20.23158869847152	  7.83469352837450
 20.24270495599815	  7.85282657978541
 20.25382121352478	  7.77982157884809
 20.26493747105141	  7.64550175258728
 20.27605372857805	  7.48673173410110
 20.28716998610468	  7.24760121855883
 20.29828624363131	  6.98411528305782
 20.30940250115794	  6.75144858876611
 20.32051875868458	  6.54686010497108
 20.33163501621121	  6.27977685217843
 20.34275127373784	  6.00314553007777
 20.35386753126447	  5.76986764998968
 20.36498378879110	  5.57345052057840
 20.37610004631774	  5.41025841169955
 20.38721630384437	  5.30858951978991
 20.39833256137101	  5.29515727122730
 20.40944881889764	  5.20893210892019
 20.42056507642427	  5.04847865323429
 20.43168133395090	  4.84118097044423
 20.44279759147753	  4.62142980757390
 20.45391384900417	  4.33285276063882
 20.46503010653080	  4.03907007401291
 20.47614636405743	  3.78913395570985
 20.48726262158407	  3.52294332665727
 20.49837887911070	  3.22424807216929
 20.50949513663733	  2.94245355054873
 20.52061139416397	  2.71389966417114
 20.53172765169060	  2.50498126142921
 20.54284390921723	  2.34650616809099
 20.55396016674386	  2.25973165901961
 20.56507642427049	  2.16576035315467
 20.57619268179713	  2.00172726934102
 20.58730893932376	  1.78916757467054
 20.59842519685040	  1.55955658246026
 20.60954145437703	  1.27146351654788
 20.62065771190366	  0.96901445157910
 20.63177396943029	  0.70311560812720
 20.64289022695692	  0.44624649546684
 20.65400648448356	  0.14559182714744
 20.66512274201019	 -0.14818875279538
 20.67623899953682	 -0.14816405639202
 20.68735525706346	 -0.14814376905049
 20.69847151459009	 -0.14814376905049
 20.70958777211672	 -0.14814376905049
 20.72070402964335	 -0.14512806557353
 20.73182028716999	 -0.14512792454150
 20.74293654469662	 -0.14512792454150
 20.75405280222325	 -0.14512792454150
 20.76516905974988	 -0.14507030371505
 20.77628531727652	 -0.14494793928956
 20.78740157480315	 -0.14485066649347
 20.79851783232978	 -0.14480779870656
 20.80963408985642	 -0.14475420335269
 20.82075034738305	 -0.14466945160840
 20.83186660490968	 -0.14461127669896
 20.84298286243631	 -0.14461127669896
 20.85409911996295	 -0.14461127669896
 20.86521537748958	 -0.14461127669896
 20.87633163501621	 -0.11791752309583
 20.88744789254284	  0.02100647531590
 20.89856415006948	  0.08124774403470
 20.90968040759611	  0.08757057703849
 20.92079666512274	  0.03464972044410
 20.93191292264937	 -0.03815347490881
 20.94302918017600	 -0.03815347490881
 20.95414543770264	 -0.03815347490881
 20.96526169522927	 -0.03815343420252
 20.97637795275591	 -0.03815343420252
 20.98749421028254	 -0.03815343420252
 20.99861046780917	 -0.03815336380110
 21.00972672533580	 -0.03815336380110
 21.02084298286244	 -0.03815336380110
 21.03195924038907	 -0.03815336380110
 21.04307549791570	 -0.01906909199558
 21.05419175544234	  0.08162658807839
 21.06530801296897	  0.26330704338430
 21.07642427049560	  0.44506623738755
 21.08754052802223	  0.62677401341130
 21.09865678554887	  0.80851540715166
 21.10977304307550	  0.99023479803006
 21.12088930060213	  1.17196861468753
 21.13200555812876	  1.35369296718706
 21.14312181565539	  1.53542354559462
 21.15423807318203	  1.71715003111417
 21.16535433070866	  1.89887921997744
 21.17647058823530	  2.08060662921609
 21.18758684576193	  2.26233522038656
 21.19870310328856	  2.44406303386473
 21.20981936081519	  2.62579136829231
 21.22093561834182	  2.80751936158426
 21.23205187586846	  2.98924758686850
 21.24316813339509	  3.17097566240333
 21.25428439092173	  3.35270384277759
 21.26540064844836	  3.53443195782226
 21.27651690597499	  3.71616012136106
 21.28763316350162	  3.89788825702222
 21.29874942102825	  4.07961641743382
 21.30986567855489	  4.26134456704386
 21.32098193608152	  4.44307272906563
 21.33209819360815	  4.62480088784395
 21.34321445113478	  4.80652905396032
 21.35433070866141	  4.98825722025980
 21.36544696618805	  5.16998539159500
 21.37656322371468	  5.35171356467799
 21.38767948124132	  5.53344174174725
 21.39879573876795	  5.71516992128460
 21.40991199629458	  5.89689810432876
 21.42102825382121	  6.07862629017602
 21.43214451134785	  6.26035447931147
 21.44326076887448	  6.44208267140823
 21.45437702640112	  6.62381086669461
 21.46549328392775	  6.80553906501892
 21.47660954145438	  6.98726726648983
 21.48772579898101	  7.16899547103747
 21.49884205650764	  7.35072367871450
 21.50995831403428	  7.53245188948945
 21.52107457156091	  7.71418010338867
 21.53219082908754	  7.89590832039874
 21.54330708661417	  8.07763654053363
 21.55442334414080	  8.25936476378844
 21.56553960166744	  8.44109299017129
 21.57665585919407	  8.62282121968132
 21.58777211672070	  8.58124043233584
 21.59888837424734	  8.56321779615033
 21.61000463177397	  8.60176023368397
 21.62112088930060	  8.71812868819987
 21.63223714682723	  8.87900060219830
 21.64335340435387	  8.95183462951235
 21.65446966188050	  8.95198121980797
 21.66558591940714	  8.90505675266026
 21.67670217693377	  8.82516018988834
 21.68781843446040	  8.68054702692032
 21.69893469198703	  8.52243083958386
 21.71005094951366	  8.40524906104054
 21.72116720704030	  8.31808146999414
 21.73228346456693	  8.16885286754798
 21.74339972209356	  8.01078062251226
 21.75451597962019	  7.89931502474252
 21.76563223714683	  7.80750475262929
 21.77674849467346	  7.74068719703931
 21.78786475220009	  7.73213760908872
 21.79898100972672	  7.80452113090054
 21.81009726725336	  7.86562774240498
 21.82121352477999	  7.82834008830003
 21.83232978230662	  7.71710063402007
 21.84344603983326	  7.56635731660426
 21.85456229735989	  7.35393267932225
 21.86567855488652	  7.09565884367773
 21.87679481241315	  6.84699613070623
 21.88791106993979	  6.66863276613566
 21.89902732746642	  6.42207154663570
 21.91014358499305	  6.14418892915240
 21.92125984251969	  5.88949178797953
 21.93237610004632	  5.69147883592283
 21.94349235757295	  5.51291858144865
 21.95460861509958	  5.38589301212679
 21.96572487262622	  5.33180643742072
 21.97684113015285	  5.28279370175365
 21.98795738767948	  5.15149760510673
 21.99907364520611	  4.96052317234916
 22.01018990273274	  4.74232125216030
 22.02130616025938	  4.47075821038097
 22.03242241778601	  4.17312716717853
 22.04353867531265	  3.89971552686056
 22.05465493283928	  3.67521041048152
 22.06577119036591	  3.38439770947987
 22.07688744789254	  3.08958633092852
 22.08800370541917	  2.83937272062631
 22.09911996294581	  2.61824944834220
 22.11023622047244	  2.43546859563344
 22.12135247799907	  2.31679316709617
 22.13246873552571	  2.26253409335408
 22.14358499305234	  2.12586888478239
 22.15470125057897	  1.93005803510056
 22.16581750810560	  1.70324893504927
 22.17693376563224	  1.43539377864991
 22.18805002315887	  1.13289865762340
 22.19916628068550	  0.84580954650725
 22.21028253821213	  0.61777574606743
 22.22139879573877	  0.32927959473827
 22.23251505326540	  0.02611234153805
 22.24363131079204	 -0.23934197024707
 22.25474756831867	 -0.23931947582675
 22.26586382584530	 -0.23931947582675
 22.27698008337193	 -0.23931947582675
 22.28809634089856	 -0.23931947582675
 22.29921259842520	 -0.23931947582675
 22.31032885595183	 -0.23931932129482
 22.32144511347846	 -0.23931932129482
 22.33256137100510	 -0.23931919411363
 22.34367762853173	 -0.23923349016281
 22.35479388605836	 -0.23913939705308
 22.36591014358499	 -0.23908376621074
 22.37702640111162	 -0.23908376621074
 22.38814265863826	 -0.23900950028426
 22.39925891616489	 -0.23892647939120
 22.41037517369152	 -0.23888777579251
 22.42149143121816	 -0.23888777579251
 22.43260768874479	 -0.23888777579251
 22.44372394627142	 -0.23888777579251
 22.45484020379805	 -0.15040193559939
 22.46595646132469	 -0.06230972298459
 22.47707271885132	 -0.05675245750848
 22.48818897637795	 -0.05675245750848
 22.49930523390459	 -0.05675245750848
 22.51042149143122	 -0.05675245750848
 22.52153774895785	 -0.05675245750848
 22.53265400648448	 -0.05675245750848
 22.54377026401112	 -0.05675245750848
 22.55488652153775	 -0.05675227941463
 22.56600277906438	 -0.05675227941463
 22.57711903659101	 -0.05675227941463
 22.58823529411764	 -0.05675214507984
 22.59935155164428	 -0.05675214507984
 22.61046780917091	 -0.05675235718772
 22.62158406669755	  0.01213824357186
 22.63270032422418	  0.17171191450776
 22.64381658175081	  0.29114818597677
 22.65493283927744	  0.47273045830336
 22.66604909680407	  0.65455404290700
 22.67716535433071	  0.83621966739619
 22.68828161185734	  1.01798875360313
 22.69939786938398	  1.19968995589893
 22.71051412691061	  1.38143575434009
 22.72163038443724	  1.56315221608782
 22.73274664196387	  1.74488801100397
 22.74386289949051	  1.92661105347317
 22.75497915701714	  2.10834252880412
 22.76609541454377	  2.29006842728661
 22.77721167207040	  2.47179802818018
 22.78832792959703	  2.65352517549919
 22.79944418712367	  2.83525395978416
 22.81056044465030	  3.01698165841243
 22.82167670217694	  3.19871008642906
 22.83279295970357	  3.38043803174061
 22.84390921723020	  3.56216630501817
 22.85502547475683	  3.74389436307600
 22.86614173228346	  3.92562257148875
 22.87725798981010	  4.10735068443717
 22.88837424733673	  4.28907886683528
 22.89949050486337	  4.47080700749763
 22.91060676239000	  4.65253518150710
 22.92172301991663	  4.83426333809332
 22.93283927744326	  5.01599151164392
 22.94395553496989	  5.19771967884274
 22.95507179249653	  5.37944785552816
 22.96618805002316	  5.56117603093510
 22.97730430754979	  5.74290421239737
 22.98842056507642	  5.92463239492052
 22.99953682260305	  6.10636058191758
 23.01065308012969	  6.28808877106146
 23.02176933765632	  6.46981696394835
 23.03288559518296	  6.65154515949017
 23.04400185270959	  6.83327335843719
 23.05511811023622	  7.01500156027953
 23.06623436776285	  7.19672976537187
 23.07735062528949	  7.37845797347525
 23.08846688281612	  7.56018618475865
 23.09958314034275	  7.74191439911054
 23.11069939786939	  7.92364261661242
 23.12181565539602	  8.10537083721286
 23.13293191292265	  8.28709906095205
 23.14404817044928	  8.46882728780702
 23.15516442797592	  8.65055551779835
 23.16628068550255	  8.62189601049951
 23.17739694302918	  8.63827515525617
 23.18851320055581	  8.72532221136562
 23.19962945808244	  8.90687433695425
 23.21074571560908	  9.01092645726735
 23.22186197313571	  9.03532510125393
 23.23297823066234	  9.00201148796033
 23.24409448818897	  8.94468078780184
 23.25521074571561	  8.81900654252692
 23.26632700324224	  8.66004250303976
 23.27744326076887	  8.52202227235517
 23.28855951829551	  8.46098125543150
 23.29967577582214	  8.32916079113318
 23.31079203334877	  8.16767426618662
 23.32190829087541	  8.03241545162521
 23.33302454840204	  7.97157652592380
 23.34414080592867	  7.89565168978679
 23.35525706345530	  7.86624403742429
 23.36637332098194	  7.91140917294540
 23.37748957850857	  8.02758227613143
 23.38860583603520	  8.03115516278998
 23.39972209356183	  7.94844535382996
 23.41083835108847	  7.81196386407148
 23.42195460861510	  7.63420455682067
 23.43307086614173	  7.39001018701196
 23.44418712366836	  7.13354679692352
 23.45530338119499	  6.91932880888682
 23.46641963872163	  6.70155076037944
 23.47753589624826	  6.43139125502099
 23.48865215377490	  6.16297841363417
 23.49976841130153	  5.94810106325032
 23.51088466882816	  5.75946255677706
 23.52200092635479	  5.61064158700363
 23.53311718388143	  5.52799070619396
 23.54423344140806	  5.51885542339054
 23.55534969893469	  5.42098396376504
 23.56646595646133	  5.25221080775973
 23.57758221398796	  5.04196365146171
 23.58869847151459	  4.79582325329797
 23.59981472904122	  4.50327021339976
 23.61093098656786	  4.21424644311942
 23.62204724409449	  3.99082592759845
 23.63316350162112	  3.71655083822648
 23.64427975914775	  3.41750700373599
 23.65539601667438	  3.14343484312845
 23.66651227420102	  2.91627275700644
 23.67762853172765	  2.71403502697446
 23.68874478925429	  2.56618997515939
 23.69986104678092	  2.49182426544846
 23.71097730430755	  2.38546089969723
 23.72209356183418	  2.21158641067986
 23.73320981936081	  1.99381092649808
 23.74432607688745	  1.76459172560482
 23.75544233441408	  1.47099355722833
 23.76655859194071	  1.17150329128232
 23.77767484946735	  0.91648855577076
 23.78879110699398	  0.64824677513115
 23.79990736452061	  0.34491606048338
 23.81102362204724	  0.05770604493192
 23.82213987957388	 -0.16633430007698
 23.83325613710051	 -0.16631780754095
 23.84437239462714	 -0.16631780754095
 23.85548865215377	 -0.16631780754095
 23.86660490968041	 -0.16631780754095
 23.87772116720704	 -0.16631780754095
 23.88883742473367	 -0.16631773757855
 23.89995368226031	 -0.16631773757855
 23.91106993978694	 -0.16626078284544
 23.92218619731357	 -0.16616527665410
 23.93330245484020	  0.06914129145911
 23.94441871236684	  0.38934456717932
 23.95553496989347	  0.65177498415964
 23.96665122742010	  0.88866416735265
 23.97776748494674	  1.15685227963266
 23.98888374247337	  1.50370432779901
 24.00000000000000	  1.88038179023503
