   1.4988996e+05   1.0170000e+01   0.0000000e+00   1.2549518e+01   0.0000000e+00   1.2373010e+01   0.0000000e+00   1.2302408e+01
   1.4943696e+05   1.0175000e+01   1.9852975e+02   1.2546721e+01   1.9852975e+02   1.2370214e+01   1.9852975e+02   1.2299611e+01
   1.4898374e+05   1.0180000e+01   3.9705949e+02   1.2543924e+01   3.9705949e+02   1.2367417e+01   3.9705949e+02   1.2296814e+01
   1.4853029e+05   1.0185000e+01   5.9558924e+02   1.2541128e+01   5.9558924e+02   1.2364620e+01   5.9558924e+02   1.2294018e+01
   1.4807662e+05   1.0190000e+01   7.9411898e+02   1.2538331e+01   7.9411898e+02   1.2361824e+01   7.9411898e+02   1.2291221e+01
   1.4762261e+05   1.0200000e+01   9.9264873e+02   1.2535534e+01   9.9264873e+02   1.2359027e+01   9.9264873e+02   1.2288424e+01
   1.4716826e+05   1.0205000e+01   1.1911785e+03   1.2532738e+01   1.1911785e+03   1.2356231e+01   1.1911785e+03   1.2285628e+01
   1.4671369e+05   1.0210000e+01   1.3897082e+03   1.2529941e+01   1.3897082e+03   1.2353434e+01   1.3897082e+03   1.2282831e+01
   1.4625890e+05   1.0215000e+01   1.5882380e+03   1.2527144e+01   1.5882380e+03   1.2350637e+01   1.5882380e+03   1.2280034e+01
   1.4580387e+05   1.0220000e+01   1.7867677e+03   1.2524348e+01   1.7867677e+03   1.2347841e+01   1.7867677e+03   1.2277238e+01
   1.4534863e+05   1.0225000e+01   1.9852975e+03   1.2521551e+01   1.9852975e+03   1.2345044e+01   1.9852975e+03   1.2274441e+01
   1.4489316e+05   1.0230000e+01   2.1838272e+03   1.2518755e+01   2.1838272e+03   1.2342247e+01   2.1838272e+03   1.2271644e+01
   1.4443746e+05   1.0235000e+01   2.3823569e+03   1.2515958e+01   2.3823569e+03   1.2339451e+01   2.3823569e+03   1.2268848e+01
   1.4398142e+05   1.0245000e+01   2.5808867e+03   1.2513161e+01   2.5808867e+03   1.2336654e+01   2.5808867e+03   1.2266051e+01
   1.4352505e+05   1.0250000e+01   2.7794164e+03   1.2510365e+01   2.7794164e+03   1.2333857e+01   2.7794164e+03   1.2263254e+01
   1.4306846e+05   1.0255000e+01   2.9779462e+03   1.2507568e+01   2.9779462e+03   1.2331061e+01   2.9779462e+03   1.2260458e+01
   1.4261152e+05   1.0265000e+01   3.1764759e+03   1.2504771e+01   3.1764759e+03   1.2328264e+01   3.1764759e+03   1.2257661e+01
   1.4215425e+05   1.0270000e+01   3.3750057e+03   1.2501975e+01   3.3750057e+03   1.2325467e+01   3.3750057e+03   1.2254864e+01
   1.4169675e+05   1.0275000e+01   3.5735354e+03   1.2499178e+01   3.5735354e+03   1.2322671e+01   3.5735354e+03   1.2252068e+01
   1.4123892e+05   1.0285000e+01   3.7720652e+03   1.2496381e+01   3.7720652e+03   1.2319874e+01   3.7720652e+03   1.2249271e+01
   1.4078075e+05   1.0290000e+01   3.9705949e+03   1.2493585e+01   3.9705949e+03   1.2317077e+01   3.9705949e+03   1.2246475e+01
   1.4032224e+05   1.0300000e+01   4.1691246e+03   1.2490788e+01   4.1691246e+03   1.2314281e+01   4.1691246e+03   1.2243678e+01
   1.3986328e+05   1.0310000e+01   4.3676544e+03   1.2487991e+01   4.3676544e+03   1.2311484e+01   4.3676544e+03   1.2240881e+01
   1.3940387e+05   1.0320000e+01   4.5661841e+03   1.2485195e+01   4.5661841e+03   1.2308687e+01   4.5661841e+03   1.2238085e+01
   1.3894401e+05   1.0330000e+01   4.7647139e+03   1.2482398e+01   4.7647139e+03   1.2305891e+01   4.7647139e+03   1.2235288e+01
   1.3848381e+05   1.0335000e+01   4.9632436e+03   1.2479601e+01   4.9632436e+03   1.2303094e+01   4.9632436e+03   1.2232491e+01
   1.3802328e+05   1.0345000e+01   5.1617734e+03   1.2476805e+01   5.1617734e+03   1.2300298e+01   5.1617734e+03   1.2229695e+01
   1.3756218e+05   1.0360000e+01   5.3603031e+03   1.2474008e+01   5.3603031e+03   1.2297501e+01   5.3603031e+03   1.2226898e+01
   1.3710052e+05   1.0370000e+01   5.5588329e+03   1.2471211e+01   5.5588329e+03   1.2294704e+01   5.5588329e+03   1.2224101e+01
   1.3663841e+05   1.0380000e+01   5.7573626e+03   1.2468415e+01   5.7573626e+03   1.2291908e+01   5.7573626e+03   1.2221305e+01
   1.3617585e+05   1.0390000e+01   5.9558924e+03   1.2465618e+01   5.9558924e+03   1.2289111e+01   5.9558924e+03   1.2218508e+01
   1.3571296e+05   1.0395000e+01   6.1544221e+03   1.2462821e+01   6.1544221e+03   1.2286314e+01   6.1544221e+03   1.2215711e+01
   1.3524961e+05   1.0410000e+01   6.3529518e+03   1.2460025e+01   6.3529518e+03   1.2283518e+01   6.3529518e+03   1.2212915e+01
   1.3478570e+05   1.0420000e+01   6.5514816e+03   1.2457228e+01   6.5514816e+03   1.2280721e+01   6.5514816e+03   1.2210118e+01
   1.3432145e+05   1.0425000e+01   6.7500113e+03   1.2454432e+01   6.7500113e+03   1.2277924e+01   6.7500113e+03   1.2207321e+01
   1.3385687e+05   1.0435000e+01   6.9485411e+03   1.2451635e+01   6.9485411e+03   1.2275128e+01   6.9485411e+03   1.2204525e+01
   1.3339184e+05   1.0445000e+01   7.1470708e+03   1.2448838e+01   7.1470708e+03   1.2272331e+01   7.1470708e+03   1.2201728e+01
   1.3292635e+05   1.0455000e+01   7.3456006e+03   1.2446042e+01   7.3456006e+03   1.2269534e+01   7.3456006e+03   1.2198931e+01
   1.3246042e+05   1.0465000e+01   7.5441303e+03   1.2443245e+01   7.5441303e+03   1.2266738e+01   7.5441303e+03   1.2196135e+01
   1.3199403e+05   1.0475000e+01   7.7426601e+03   1.2440448e+01   7.7426601e+03   1.2263941e+01   7.7426601e+03   1.2193338e+01
   1.3152720e+05   1.0485000e+01   7.9411898e+03   1.2437652e+01   7.9411898e+03   1.2261144e+01   7.9411898e+03   1.2190542e+01
   1.3105991e+05   1.0495000e+01   8.1397196e+03   1.2434855e+01   8.1397196e+03   1.2258348e+01   8.1397196e+03   1.2187745e+01
   1.3059218e+05   1.0505000e+01   8.3382493e+03   1.2432058e+01   8.3382493e+03   1.2255551e+01   8.3382493e+03   1.2184948e+01
   1.3012411e+05   1.0510000e+01   8.5367790e+03   1.2429262e+01   8.5367790e+03   1.2252754e+01   8.5367790e+03   1.2182152e+01
   1.2965570e+05   1.0520000e+01   8.7353088e+03   1.2426465e+01   8.7353088e+03   1.2249958e+01   8.7353088e+03   1.2179355e+01
   1.2918684e+05   1.0530000e+01   8.9338385e+03   1.2423668e+01   8.9338385e+03   1.2247161e+01   8.9338385e+03   1.2176558e+01
   1.2871753e+05   1.0540000e+01   9.1323683e+03   1.2420872e+01   9.1323683e+03   1.2244365e+01   9.1323683e+03   1.2173762e+01
   1.2824777e+05   1.0550000e+01   9.3308980e+03   1.2418075e+01   9.3308980e+03   1.2241568e+01   9.3308980e+03   1.2170965e+01
   1.2777756e+05   1.0560000e+01   9.5294278e+03   1.2415278e+01   9.5294278e+03   1.2238771e+01   9.5294278e+03   1.2168168e+01
   1.2730690e+05   1.0570000e+01   9.7279575e+03   1.2412482e+01   9.7279575e+03   1.2235975e+01   9.7279575e+03   1.2165372e+01
   1.2683579e+05   1.0580000e+01   9.9264873e+03   1.2409685e+01   9.9264873e+03   1.2233178e+01   9.9264873e+03   1.2162575e+01
   1.2636423e+05   1.0590000e+01   1.0125017e+04   1.2406888e+01   1.0125017e+04   1.2230381e+01   1.0125017e+04   1.2159778e+01
   1.2589234e+05   1.0595000e+01   1.0323547e+04   1.2404092e+01   1.0323547e+04   1.2227585e+01   1.0323547e+04   1.2156982e+01
   1.2542010e+05   1.0605000e+01   1.0522076e+04   1.2401295e+01   1.0522076e+04   1.2224788e+01   1.0522076e+04   1.2154185e+01
   1.2494753e+05   1.0610000e+01   1.0720606e+04   1.2398499e+01   1.0720606e+04   1.2221991e+01   1.0720606e+04   1.2151388e+01
   1.2447473e+05   1.0615000e+01   1.0919136e+04   1.2395702e+01   1.0919136e+04   1.2219195e+01   1.0919136e+04   1.2148592e+01
   1.2400160e+05   1.0625000e+01   1.1117666e+04   1.2392905e+01   1.1117666e+04   1.2216398e+01   1.1117666e+04   1.2145795e+01
   1.2352813e+05   1.0630000e+01   1.1316195e+04   1.2390109e+01   1.1316195e+04   1.2213601e+01   1.1316195e+04   1.2142998e+01
   1.2305443e+05   1.0635000e+01   1.1514725e+04   1.2387312e+01   1.1514725e+04   1.2210805e+01   1.1514725e+04   1.2140202e+01
   1.2258040e+05   1.0645000e+01   1.1713255e+04   1.2384515e+01   1.1713255e+04   1.2208008e+01   1.1713255e+04   1.2137405e+01
   1.2210602e+05   1.0650000e+01   1.1911785e+04   1.2381719e+01   1.1911785e+04   1.2205211e+01   1.1911785e+04   1.2134609e+01
   1.2163143e+05   1.0655000e+01   1.2110314e+04   1.2378922e+01   1.2110314e+04   1.2202415e+01   1.2110314e+04   1.2131812e+01
   1.2115661e+05   1.0660000e+01   1.2308844e+04   1.2376125e+01   1.2308844e+04   1.2199618e+01   1.2308844e+04   1.2129015e+01
   1.2068156e+05   1.0665000e+01   1.2507374e+04   1.2373329e+01   1.2507374e+04   1.2196821e+01   1.2507374e+04   1.2126219e+01
   1.2020629e+05   1.0670000e+01   1.2705904e+04   1.2370532e+01   1.2705904e+04   1.2194025e+01   1.2705904e+04   1.2123422e+01
   1.1973090e+05   1.0670000e+01   1.2904433e+04   1.2367735e+01   1.2904433e+04   1.2191228e+01   1.2904433e+04   1.2120625e+01
   1.1925529e+05   1.0680000e+01   1.3102963e+04   1.2364939e+01   1.3102963e+04   1.2188431e+01   1.3102963e+04   1.2117829e+01
   1.1877935e+05   1.0685000e+01   1.3301493e+04   1.2362142e+01   1.3301493e+04   1.2185635e+01   1.3301493e+04   1.2115032e+01
   1.1830317e+05   1.0690000e+01   1.3500023e+04   1.2359345e+01   1.3500023e+04   1.2182838e+01   1.3500023e+04   1.2112235e+01
   1.1782678e+05   1.0695000e+01   1.3698552e+04   1.2356549e+01   1.3698552e+04   1.2180042e+01   1.3698552e+04   1.2109439e+01
   1.1735016e+05   1.0700000e+01   1.3897082e+04   1.2353752e+01   1.3897082e+04   1.2177245e+01   1.3897082e+04   1.2106642e+01
   1.1687331e+05   1.0705000e+01   1.4095612e+04   1.2350955e+01   1.4095612e+04   1.2174448e+01   1.4095612e+04   1.2103845e+01
   1.1639624e+05   1.0710000e+01   1.4294142e+04   1.2348159e+01   1.4294142e+04   1.2171652e+01   1.4294142e+04   1.2101049e+01
   1.1591894e+05   1.0715000e+01   1.4492671e+04   1.2345362e+01   1.4492671e+04   1.2168855e+01   1.4492671e+04   1.2098252e+01
   1.1544142e+05   1.0720000e+01   1.4691201e+04   1.2342566e+01   1.4691201e+04   1.2166058e+01   1.4691201e+04   1.2095455e+01
   1.1496367e+05   1.0725000e+01   1.4889731e+04   1.2339769e+01   1.4889731e+04   1.2163262e+01   1.4889731e+04   1.2092659e+01
   1.1448570e+05   1.0730000e+01   1.5088261e+04   1.2336972e+01   1.5088261e+04   1.2160465e+01   1.5088261e+04   1.2089862e+01
   1.1400750e+05   1.0735000e+01   1.5286790e+04   1.2334176e+01   1.5286790e+04   1.2157668e+01   1.5286790e+04   1.2087065e+01
   1.1352908e+05   1.0740000e+01   1.5485320e+04   1.2331379e+01   1.5485320e+04   1.2154872e+01   1.5485320e+04   1.2084269e+01
   1.1305055e+05   1.0740000e+01   1.5683850e+04   1.2328582e+01   1.5683850e+04   1.2152075e+01   1.5683850e+04   1.2081472e+01
   1.1257190e+05   1.0745000e+01   1.5882380e+04   1.2325786e+01   1.5882380e+04   1.2149278e+01   1.5882380e+04   1.2078675e+01
   1.1209303e+05   1.0750000e+01   1.6080909e+04   1.2322989e+01   1.6080909e+04   1.2146482e+01   1.6080909e+04   1.2075879e+01
   1.1161393e+05   1.0755000e+01   1.6279439e+04   1.2320192e+01   1.6279439e+04   1.2143685e+01   1.6279439e+04   1.2073082e+01
   1.1113461e+05   1.0760000e+01   1.6477969e+04   1.2317396e+01   1.6477969e+04   1.2140888e+01   1.6477969e+04   1.2070286e+01
   1.1065506e+05   1.0765000e+01   1.6676499e+04   1.2314599e+01   1.6676499e+04   1.2138092e+01   1.6676499e+04   1.2067489e+01
   1.1017529e+05   1.0770000e+01   1.6875028e+04   1.2311802e+01   1.6875028e+04   1.2135295e+01   1.6875028e+04   1.2064692e+01
   1.0969529e+05   1.0775000e+01   1.7073558e+04   1.2309006e+01   1.7073558e+04   1.2132498e+01   1.7073558e+04   1.2061896e+01
   1.0921519e+05   1.0775000e+01   1.7272088e+04   1.2306209e+01   1.7272088e+04   1.2129702e+01   1.7272088e+04   1.2059099e+01
   1.0873496e+05   1.0780000e+01   1.7470618e+04   1.2303412e+01   1.7470618e+04   1.2126905e+01   1.7470618e+04   1.2056302e+01
   1.0825452e+05   1.0785000e+01   1.7669147e+04   1.2300616e+01   1.7669147e+04   1.2124109e+01   1.7669147e+04   1.2053506e+01
   1.0777385e+05   1.0790000e+01   1.7867677e+04   1.2297819e+01   1.7867677e+04   1.2121312e+01   1.7867677e+04   1.2050709e+01
   1.0729295e+05   1.0795000e+01   1.8066207e+04   1.2295022e+01   1.8066207e+04   1.2118515e+01   1.8066207e+04   1.2047912e+01
   1.0681194e+05   1.0795000e+01   1.8264737e+04   1.2292226e+01   1.8264737e+04   1.2115719e+01   1.8264737e+04   1.2045116e+01
   1.0633082e+05   1.0800000e+01   1.8463266e+04   1.2289429e+01   1.8463266e+04   1.2112922e+01   1.8463266e+04   1.2042319e+01
   1.0584947e+05   1.0805000e+01   1.8661796e+04   1.2286633e+01   1.8661796e+04   1.2110125e+01   1.8661796e+04   1.2039522e+01
   1.0536790e+05   1.0810000e+01   1.8860326e+04   1.2283836e+01   1.8860326e+04   1.2107329e+01   1.8860326e+04   1.2036726e+01
   1.0488610e+05   1.0815000e+01   1.9058856e+04   1.2281039e+01   1.9058856e+04   1.2104532e+01   1.9058856e+04   1.2033929e+01
   1.0440408e+05   1.0820000e+01   1.9257385e+04   1.2278243e+01   1.9257385e+04   1.2101735e+01   1.9257385e+04   1.2031132e+01
   1.0392183e+05   1.0825000e+01   1.9455915e+04   1.2275446e+01   1.9455915e+04   1.2098939e+01   1.9455915e+04   1.2028336e+01
   1.0343947e+05   1.0825000e+01   1.9654445e+04   1.2272649e+01   1.9654445e+04   1.2096142e+01   1.9654445e+04   1.2025539e+01
   1.0295700e+05   1.0830000e+01   1.9852975e+04   1.2269853e+01   1.9852975e+04   1.2093345e+01   1.9852975e+04   1.2022742e+01
   1.0247431e+05   1.0835000e+01   2.0051504e+04   1.2267056e+01   2.0051504e+04   1.2090549e+01   2.0051504e+04   1.2019946e+01
   1.0199138e+05   1.0840000e+01   2.0250034e+04   1.2264259e+01   2.0250034e+04   1.2087752e+01   2.0250034e+04   1.2017149e+01
   1.0150824e+05   1.0845000e+01   2.0448564e+04   1.2261463e+01   2.0448564e+04   1.2084955e+01   2.0448564e+04   1.2014353e+01
   1.0102486e+05   1.0850000e+01   2.0647093e+04   1.2258666e+01   2.0647093e+04   1.2082159e+01   2.0647093e+04   1.2011556e+01
   1.0054138e+05   1.0850000e+01   2.0845623e+04   1.2255869e+01   2.0845623e+04   1.2079362e+01   2.0845623e+04   1.2008759e+01
   1.0005767e+05   1.0860000e+01   2.1044153e+04   1.2253073e+01   2.1044153e+04   1.2076565e+01   2.1044153e+04   1.2005963e+01
   9.9573624e+04   1.0865000e+01   2.1242683e+04   1.2250276e+01   2.1242683e+04   1.2073769e+01   2.1242683e+04   1.2003166e+01
   9.9089465e+04   1.0865000e+01   2.1441212e+04   1.2247479e+01   2.1441212e+04   1.2070972e+01   2.1441212e+04   1.2000369e+01
   9.8605193e+04   1.0870000e+01   2.1639742e+04   1.2244683e+01   2.1639742e+04   1.2068176e+01   2.1639742e+04   1.1997573e+01
   9.8120697e+04   1.0875000e+01   2.1838272e+04   1.2241886e+01   2.1838272e+04   1.2065379e+01   2.1838272e+04   1.1994776e+01
   9.7635637e+04   1.0895000e+01   2.2036802e+04   1.2239089e+01   2.2036802e+04   1.2062582e+01   2.2036802e+04   1.1991979e+01
   9.7150015e+04   1.0900000e+01   2.2235331e+04   1.2236293e+01   2.2235331e+04   1.2059786e+01   2.2235331e+04   1.1989183e+01
   9.6664169e+04   1.0905000e+01   2.2433861e+04   1.2233496e+01   2.2433861e+04   1.2056989e+01   2.2433861e+04   1.1986386e+01
   9.6178097e+04   1.0910000e+01   2.2632391e+04   1.2230700e+01   2.2632391e+04   1.2054192e+01   2.2632391e+04   1.1983589e+01
   9.5691800e+04   1.0915000e+01   2.2830921e+04   1.2227903e+01   2.2830921e+04   1.2051396e+01   2.2830921e+04   1.1980793e+01
   9.5205278e+04   1.0920000e+01   2.3029450e+04   1.2225106e+01   2.3029450e+04   1.2048599e+01   2.3029450e+04   1.1977996e+01
   9.4718644e+04   1.0920000e+01   2.3227980e+04   1.2222310e+01   2.3227980e+04   1.2045802e+01   2.3227980e+04   1.1975199e+01
   9.4231897e+04   1.0925000e+01   2.3426510e+04   1.2219513e+01   2.3426510e+04   1.2043006e+01   2.3426510e+04   1.1972403e+01
   9.3744813e+04   1.0935000e+01   2.3625040e+04   1.2216716e+01   2.3625040e+04   1.2040209e+01   2.3625040e+04   1.1969606e+01
   9.3257504e+04   1.0935000e+01   2.3823569e+04   1.2213920e+01   2.3823569e+04   1.2037412e+01   2.3823569e+04   1.1966809e+01
   9.2770082e+04   1.0940000e+01   2.4022099e+04   1.2211123e+01   2.4022099e+04   1.2034616e+01   2.4022099e+04   1.1964013e+01
   9.2282435e+04   1.0945000e+01   2.4220629e+04   1.2208326e+01   2.4220629e+04   1.2031819e+01   2.4220629e+04   1.1961216e+01
   9.1794563e+04   1.0950000e+01   2.4419159e+04   1.2205530e+01   2.4419159e+04   1.2029022e+01   2.4419159e+04   1.1958420e+01
   9.1306466e+04   1.0955000e+01   2.4617688e+04   1.2202733e+01   2.4617688e+04   1.2026226e+01   2.4617688e+04   1.1955623e+01
   9.0818145e+04   1.0960000e+01   2.4816218e+04   1.2199936e+01   2.4816218e+04   1.2023429e+01   2.4816218e+04   1.1952826e+01
   9.0329598e+04   1.0965000e+01   2.5014748e+04   1.2197140e+01   2.5014748e+04   1.2020632e+01   2.5014748e+04   1.1950030e+01
   8.9840826e+04   1.0970000e+01   2.5213278e+04   1.2194343e+01   2.5213278e+04   1.2017836e+01   2.5213278e+04   1.1947233e+01
   8.9351942e+04   1.0970000e+01   2.5411807e+04   1.2191546e+01   2.5411807e+04   1.2015039e+01   2.5411807e+04   1.1944436e+01
   8.8862832e+04   1.0980000e+01   2.5610337e+04   1.2188750e+01   2.5610337e+04   1.2012243e+01   2.5610337e+04   1.1941640e+01
   8.8373498e+04   1.0980000e+01   2.5808867e+04   1.2185953e+01   2.5808867e+04   1.2009446e+01   2.5808867e+04   1.1938843e+01
   8.7884051e+04   1.0985000e+01   2.6007397e+04   1.2183156e+01   2.6007397e+04   1.2006649e+01   2.6007397e+04   1.1936046e+01
   8.7394379e+04   1.0990000e+01   2.6205926e+04   1.2180360e+01   2.6205926e+04   1.2003853e+01   2.6205926e+04   1.1933250e+01
   8.6904483e+04   1.0995000e+01   2.6404456e+04   1.2177563e+01   2.6404456e+04   1.2001056e+01   2.6404456e+04   1.1930453e+01
   8.6414361e+04   1.1000000e+01   2.6602986e+04   1.2174767e+01   2.6602986e+04   1.1998259e+01   2.6602986e+04   1.1927656e+01
   8.5924014e+04   1.1005000e+01   2.6801516e+04   1.2171970e+01   2.6801516e+04   1.1995463e+01   2.6801516e+04   1.1924860e+01
   8.5433442e+04   1.1010000e+01   2.7000045e+04   1.2169173e+01   2.7000045e+04   1.1992666e+01   2.7000045e+04   1.1922063e+01
   8.4942645e+04   1.1015000e+01   2.7198575e+04   1.2166377e+01   2.7198575e+04   1.1989869e+01   2.7198575e+04   1.1919266e+01
   8.4451624e+04   1.1020000e+01   2.7397105e+04   1.2163580e+01   2.7397105e+04   1.1987073e+01   2.7397105e+04   1.1916470e+01
   8.3960377e+04   1.1025000e+01   2.7595635e+04   1.2160783e+01   2.7595635e+04   1.1984276e+01   2.7595635e+04   1.1913673e+01
   8.3468905e+04   1.1030000e+01   2.7794164e+04   1.2157987e+01   2.7794164e+04   1.1981479e+01   2.7794164e+04   1.1910876e+01
   8.2977208e+04   1.1035000e+01   2.7992694e+04   1.2155190e+01   2.7992694e+04   1.1978683e+01   2.7992694e+04   1.1908080e+01
   8.2485286e+04   1.1040000e+01   2.8191224e+04   1.2152393e+01   2.8191224e+04   1.1975886e+01   2.8191224e+04   1.1905283e+01
   8.1993140e+04   1.1045000e+01   2.8389754e+04   1.2149597e+01   2.8389754e+04   1.1973089e+01   2.8389754e+04   1.1902487e+01
   8.1500655e+04   1.1055000e+01   2.8588283e+04   1.2146800e+01   2.8588283e+04   1.1970293e+01   2.8588283e+04   1.1899690e+01
   8.1007833e+04   1.1060000e+01   2.8786813e+04   1.2144003e+01   2.8786813e+04   1.1967496e+01   2.8786813e+04   1.1896893e+01
   8.0514787e+04   1.1065000e+01   2.8985343e+04   1.2141207e+01   2.8985343e+04   1.1964699e+01   2.8985343e+04   1.1894097e+01
   8.0021515e+04   1.1070000e+01   2.9183873e+04   1.2138410e+01   2.9183873e+04   1.1961903e+01   2.9183873e+04   1.1891300e+01
   7.9528018e+04   1.1075000e+01   2.9382402e+04   1.2135613e+01   2.9382402e+04   1.1959106e+01   2.9382402e+04   1.1888503e+01
   7.9034296e+04   1.1080000e+01   2.9580932e+04   1.2132817e+01   2.9580932e+04   1.1956310e+01   2.9580932e+04   1.1885707e+01
   7.8540237e+04   1.1090000e+01   2.9779462e+04   1.2130020e+01   2.9779462e+04   1.1953513e+01   2.9779462e+04   1.1882910e+01
   7.8045840e+04   1.1095000e+01   2.9977992e+04   1.2127223e+01   2.9977992e+04   1.1950716e+01   2.9977992e+04   1.1880113e+01
   7.7551218e+04   1.1100000e+01   3.0176521e+04   1.2124427e+01   3.0176521e+04   1.1947920e+01   3.0176521e+04   1.1877317e+01
   7.7056371e+04   1.1105000e+01   3.0375051e+04   1.2121630e+01   3.0375051e+04   1.1945123e+01   3.0375051e+04   1.1874520e+01
   7.6561187e+04   1.1115000e+01   3.0573581e+04   1.2118833e+01   3.0573581e+04   1.1942326e+01   3.0573581e+04   1.1871723e+01
   7.6065665e+04   1.1120000e+01   3.0772110e+04   1.2116037e+01   3.0772110e+04   1.1939530e+01   3.0772110e+04   1.1868927e+01
   7.5569919e+04   1.1125000e+01   3.0970640e+04   1.2113240e+01   3.0970640e+04   1.1936733e+01   3.0970640e+04   1.1866130e+01
   7.5073834e+04   1.1135000e+01   3.1169170e+04   1.2110444e+01   3.1169170e+04   1.1933936e+01   3.1169170e+04   1.1863333e+01
   7.4577300e+04   1.1145000e+01   3.1367700e+04   1.2107647e+01   3.1367700e+04   1.1931140e+01   3.1367700e+04   1.1860537e+01
   7.4080428e+04   1.1150000e+01   3.1566229e+04   1.2104850e+01   3.1566229e+04   1.1928343e+01   3.1566229e+04   1.1857740e+01
   7.3583219e+04   1.1160000e+01   3.1764759e+04   1.2102054e+01   3.1764759e+04   1.1925546e+01   3.1764759e+04   1.1854943e+01
   7.3085560e+04   1.1170000e+01   3.1963289e+04   1.2099257e+01   3.1963289e+04   1.1922750e+01   3.1963289e+04   1.1852147e+01
   7.2587450e+04   1.1180000e+01   3.2161819e+04   1.2096460e+01   3.2161819e+04   1.1919953e+01   3.2161819e+04   1.1849350e+01
   7.2088891e+04   1.1190000e+01   3.2360348e+04   1.2093664e+01   3.2360348e+04   1.1917156e+01   3.2360348e+04   1.1846554e+01
   7.1589882e+04   1.1200000e+01   3.2558878e+04   1.2090867e+01   3.2558878e+04   1.1914360e+01   3.2558878e+04   1.1843757e+01
   7.1090422e+04   1.1210000e+01   3.2757408e+04   1.2088070e+01   3.2757408e+04   1.1911563e+01   3.2757408e+04   1.1840960e+01
   7.0590513e+04   1.1220000e+01   3.2955938e+04   1.2085274e+01   3.2955938e+04   1.1908766e+01   3.2955938e+04   1.1838164e+01
   7.0090041e+04   1.1235000e+01   3.3154467e+04   1.2082477e+01   3.3154467e+04   1.1905970e+01   3.3154467e+04   1.1835367e+01
   6.9589007e+04   1.1245000e+01   3.3352997e+04   1.2079680e+01   3.3352997e+04   1.1903173e+01   3.3352997e+04   1.1832570e+01
   6.9087523e+04   1.1255000e+01   3.3551527e+04   1.2076884e+01   3.3551527e+04   1.1900376e+01   3.3551527e+04   1.1829774e+01
   6.8585588e+04   1.1265000e+01   3.3750057e+04   1.2074087e+01   3.3750057e+04   1.1897580e+01   3.3750057e+04   1.1826977e+01
   6.8083316e+04   1.1270000e+01   3.3948586e+04   1.2071290e+01   3.3948586e+04   1.1894783e+01   3.3948586e+04   1.1824180e+01
   6.7580707e+04   1.1280000e+01   3.4147116e+04   1.2068494e+01   3.4147116e+04   1.1891987e+01   3.4147116e+04   1.1821384e+01
   6.7077648e+04   1.1290000e+01   3.4345646e+04   1.2065697e+01   3.4345646e+04   1.1889190e+01   3.4345646e+04   1.1818587e+01
   6.6574139e+04   1.1300000e+01   3.4544176e+04   1.2062900e+01   3.4544176e+04   1.1886393e+01   3.4544176e+04   1.1815790e+01
   6.6070292e+04   1.1305000e+01   3.4742705e+04   1.2060104e+01   3.4742705e+04   1.1883597e+01   3.4742705e+04   1.1812994e+01
   6.5566220e+04   1.1310000e+01   3.4941235e+04   1.2057307e+01   3.4941235e+04   1.1880800e+01   3.4941235e+04   1.1810197e+01
   6.5061811e+04   1.1320000e+01   3.5139765e+04   1.2054511e+01   3.5139765e+04   1.1878003e+01   3.5139765e+04   1.1807400e+01
   6.4557064e+04   1.1325000e+01   3.5338295e+04   1.2051714e+01   3.5338295e+04   1.1875207e+01   3.5338295e+04   1.1804604e+01
   6.4051980e+04   1.1335000e+01   3.5536824e+04   1.2048917e+01   3.5536824e+04   1.1872410e+01   3.5536824e+04   1.1801807e+01
   6.3546445e+04   1.1345000e+01   3.5735354e+04   1.2046121e+01   3.5735354e+04   1.1869613e+01   3.5735354e+04   1.1799010e+01
   6.3040573e+04   1.1350000e+01   3.5933884e+04   1.2043324e+01   3.5933884e+04   1.1866817e+01   3.5933884e+04   1.1796214e+01
   6.2534364e+04   1.1360000e+01   3.6132414e+04   1.2040527e+01   3.6132414e+04   1.1864020e+01   3.6132414e+04   1.1793417e+01
   6.2027817e+04   1.1365000e+01   3.6330943e+04   1.2037731e+01   3.6330943e+04   1.1861223e+01   3.6330943e+04   1.1790620e+01
   6.1520933e+04   1.1375000e+01   3.6529473e+04   1.2034934e+01   3.6529473e+04   1.1858427e+01   3.6529473e+04   1.1787824e+01
   6.1013711e+04   1.1380000e+01   3.6728003e+04   1.2032137e+01   3.6728003e+04   1.1855630e+01   3.6728003e+04   1.1785027e+01
   6.0506152e+04   1.1390000e+01   3.6926533e+04   1.2029341e+01   3.6926533e+04   1.1852833e+01   3.6926533e+04   1.1782231e+01
   5.9998143e+04   1.1400000e+01   3.7125062e+04   1.2026544e+01   3.7125062e+04   1.1850037e+01   3.7125062e+04   1.1779434e+01
   5.9489683e+04   1.1410000e+01   3.7323592e+04   1.2023747e+01   3.7323592e+04   1.1847240e+01   3.7323592e+04   1.1776637e+01
   5.8980887e+04   1.1415000e+01   3.7522122e+04   1.2020951e+01   3.7522122e+04   1.1844443e+01   3.7522122e+04   1.1773841e+01
   5.8471752e+04   1.1425000e+01   3.7720652e+04   1.2018154e+01   3.7720652e+04   1.1841647e+01   3.7720652e+04   1.1771044e+01
   5.7962280e+04   1.1430000e+01   3.7919181e+04   1.2015357e+01   3.7919181e+04   1.1838850e+01   3.7919181e+04   1.1768247e+01
   5.7452471e+04   1.1440000e+01   3.8117711e+04   1.2012561e+01   3.8117711e+04   1.1836054e+01   3.8117711e+04   1.1765451e+01
   5.6942212e+04   1.1450000e+01   3.8316241e+04   1.2009764e+01   3.8316241e+04   1.1833257e+01   3.8316241e+04   1.1762654e+01
   5.6431615e+04   1.1455000e+01   3.8514771e+04   1.2006967e+01   3.8514771e+04   1.1830460e+01   3.8514771e+04   1.1759857e+01
   5.5920681e+04   1.1465000e+01   3.8713300e+04   1.2004171e+01   3.8713300e+04   1.1827664e+01   3.8713300e+04   1.1757061e+01
   5.5409409e+04   1.1470000e+01   3.8911830e+04   1.2001374e+01   3.8911830e+04   1.1824867e+01   3.8911830e+04   1.1754264e+01
   5.4897800e+04   1.1480000e+01   3.9110360e+04   1.1998578e+01   3.9110360e+04   1.1822070e+01   3.9110360e+04   1.1751467e+01
   5.4385740e+04   1.1490000e+01   3.9308890e+04   1.1995781e+01   3.9308890e+04   1.1819274e+01   3.9308890e+04   1.1748671e+01
   5.3873343e+04   1.1495000e+01   3.9507419e+04   1.1992984e+01   3.9507419e+04   1.1816477e+01   3.9507419e+04   1.1745874e+01
   5.3360609e+04   1.1505000e+01   3.9705949e+04   1.1990188e+01   3.9705949e+04   1.1813680e+01   3.9705949e+04   1.1743077e+01
   5.2847425e+04   1.1515000e+01   3.9904479e+04   1.1987391e+01   3.9904479e+04   1.1810884e+01   3.9904479e+04   1.1740281e+01
   5.2333903e+04   1.1520000e+01   4.0103009e+04   1.1984594e+01   4.0103009e+04   1.1808087e+01   4.0103009e+04   1.1737484e+01
   5.1820044e+04   1.1530000e+01   4.0301538e+04   1.1981798e+01   4.0301538e+04   1.1805290e+01   4.0301538e+04   1.1734687e+01
   5.1305847e+04   1.1535000e+01   4.0500068e+04   1.1979001e+01   4.0500068e+04   1.1802494e+01   4.0500068e+04   1.1731891e+01
   5.0791313e+04   1.1545000e+01   4.0698598e+04   1.1976204e+01   4.0698598e+04   1.1799697e+01   4.0698598e+04   1.1729094e+01
   5.0276328e+04   1.1555000e+01   4.0897127e+04   1.1973408e+01   4.0897127e+04   1.1796900e+01   4.0897127e+04   1.1726298e+01
   4.9760894e+04   1.1565000e+01   4.1095657e+04   1.1970611e+01   4.1095657e+04   1.1794104e+01   4.1095657e+04   1.1723501e+01
   4.9245122e+04   1.1570000e+01   4.1294187e+04   1.1967814e+01   4.1294187e+04   1.1791307e+01   4.1294187e+04   1.1720704e+01
   4.8729125e+04   1.1575000e+01   4.1492717e+04   1.1965018e+01   4.1492717e+04   1.1788510e+01   4.1492717e+04   1.1717908e+01
   4.8212791e+04   1.1585000e+01   4.1691246e+04   1.1962221e+01   4.1691246e+04   1.1785714e+01   4.1691246e+04   1.1715111e+01
   4.7696007e+04   1.1595000e+01   4.1889776e+04   1.1959424e+01   4.1889776e+04   1.1782917e+01   4.1889776e+04   1.1712314e+01
   4.7178885e+04   1.1600000e+01   4.2088306e+04   1.1956628e+01   4.2088306e+04   1.1780121e+01   4.2088306e+04   1.1709518e+01
   4.6661426e+04   1.1610000e+01   4.2286836e+04   1.1953831e+01   4.2286836e+04   1.1777324e+01   4.2286836e+04   1.1706721e+01
   4.6143629e+04   1.1615000e+01   4.2485365e+04   1.1951034e+01   4.2485365e+04   1.1774527e+01   4.2485365e+04   1.1703924e+01
   4.5625607e+04   1.1620000e+01   4.2683895e+04   1.1948238e+01   4.2683895e+04   1.1771731e+01   4.2683895e+04   1.1701128e+01
   4.5107248e+04   1.1630000e+01   4.2882425e+04   1.1945441e+01   4.2882425e+04   1.1768934e+01   4.2882425e+04   1.1698331e+01
   4.4588438e+04   1.1640000e+01   4.3080955e+04   1.1942645e+01   4.3080955e+04   1.1766137e+01   4.3080955e+04   1.1695534e+01
   4.4069292e+04   1.1645000e+01   4.3279484e+04   1.1939848e+01   4.3279484e+04   1.1763341e+01   4.3279484e+04   1.1692738e+01
   4.3549807e+04   1.1655000e+01   4.3478014e+04   1.1937051e+01   4.3478014e+04   1.1760544e+01   4.3478014e+04   1.1689941e+01
   4.3029986e+04   1.1660000e+01   4.3676544e+04   1.1934255e+01   4.3676544e+04   1.1757747e+01   4.3676544e+04   1.1687144e+01
   4.2509826e+04   1.1670000e+01   4.3875074e+04   1.1931458e+01   4.3875074e+04   1.1754951e+01   4.3875074e+04   1.1684348e+01
   4.1989329e+04   1.1675000e+01   4.4073603e+04   1.1928661e+01   4.4073603e+04   1.1752154e+01   4.4073603e+04   1.1681551e+01
   4.1468495e+04   1.1685000e+01   4.4272133e+04   1.1925865e+01   4.4272133e+04   1.1749357e+01   4.4272133e+04   1.1678754e+01
   4.0947323e+04   1.1690000e+01   4.4470663e+04   1.1923068e+01   4.4470663e+04   1.1746561e+01   4.4470663e+04   1.1675958e+01
   4.0425814e+04   1.1700000e+01   4.4669193e+04   1.1920271e+01   4.4669193e+04   1.1743764e+01   4.4669193e+04   1.1673161e+01
   3.9903967e+04   1.1705000e+01   4.4867722e+04   1.1917475e+01   4.4867722e+04   1.1740967e+01   4.4867722e+04   1.1670365e+01
   3.9381783e+04   1.1715000e+01   4.5066252e+04   1.1914678e+01   4.5066252e+04   1.1738171e+01   4.5066252e+04   1.1667568e+01
   3.8859261e+04   1.1720000e+01   4.5264782e+04   1.1911881e+01   4.5264782e+04   1.1735374e+01   4.5264782e+04   1.1664771e+01
   3.8336402e+04   1.1730000e+01   4.5463312e+04   1.1909085e+01   4.5463312e+04   1.1732577e+01   4.5463312e+04   1.1661975e+01
   3.7813205e+04   1.1735000e+01   4.5661841e+04   1.1906288e+01   4.5661841e+04   1.1729781e+01   4.5661841e+04   1.1659178e+01
   3.7289783e+04   1.1740000e+01   4.5860371e+04   1.1903491e+01   4.5860371e+04   1.1726984e+01   4.5860371e+04   1.1656381e+01
   3.6766024e+04   1.1750000e+01   4.6058901e+04   1.1900695e+01   4.6058901e+04   1.1724188e+01   4.6058901e+04   1.1653585e+01
   3.6241927e+04   1.1755000e+01   4.6257431e+04   1.1897898e+01   4.6257431e+04   1.1721391e+01   4.6257431e+04   1.1650788e+01
   3.5717493e+04   1.1765000e+01   4.6455960e+04   1.1895101e+01   4.6455960e+04   1.1718594e+01   4.6455960e+04   1.1647991e+01
   3.5192721e+04   1.1770000e+01   4.6654490e+04   1.1892305e+01   4.6654490e+04   1.1715798e+01   4.6654490e+04   1.1645195e+01
   3.4667724e+04   1.1775000e+01   4.6853020e+04   1.1889508e+01   4.6853020e+04   1.1713001e+01   4.6853020e+04   1.1642398e+01
   3.4142502e+04   1.1780000e+01   4.7051550e+04   1.1886712e+01   4.7051550e+04   1.1710204e+01   4.7051550e+04   1.1639601e+01
   3.3616943e+04   1.1790000e+01   4.7250079e+04   1.1883915e+01   4.7250079e+04   1.1707408e+01   4.7250079e+04   1.1636805e+01
   3.3091046e+04   1.1795000e+01   4.7448609e+04   1.1881118e+01   4.7448609e+04   1.1704611e+01   4.7448609e+04   1.1634008e+01
   3.2564924e+04   1.1800000e+01   4.7647139e+04   1.1878322e+01   4.7647139e+04   1.1701814e+01   4.7647139e+04   1.1631211e+01
   3.2038465e+04   1.1810000e+01   4.7845669e+04   1.1875525e+01   4.7845669e+04   1.1699018e+01   4.7845669e+04   1.1628415e+01
   3.1511668e+04   1.1815000e+01   4.8044198e+04   1.1872728e+01   4.8044198e+04   1.1696221e+01   4.8044198e+04   1.1625618e+01
   3.0984534e+04   1.1825000e+01   4.8242728e+04   1.1869932e+01   4.8242728e+04   1.1693424e+01   4.8242728e+04   1.1622821e+01
   3.0457062e+04   1.1830000e+01   4.8441258e+04   1.1867135e+01   4.8441258e+04   1.1690628e+01   4.8441258e+04   1.1620025e+01
   2.9929253e+04   1.1840000e+01   4.8639788e+04   1.1864338e+01   4.8639788e+04   1.1687831e+01   4.8639788e+04   1.1617228e+01
   2.9401106e+04   1.1845000e+01   4.8838317e+04   1.1861542e+01   4.8838317e+04   1.1685034e+01   4.8838317e+04   1.1614432e+01
   2.8872734e+04   1.1850000e+01   4.9036847e+04   1.1858745e+01   4.9036847e+04   1.1682238e+01   4.9036847e+04   1.1611635e+01
   2.8344025e+04   1.1860000e+01   4.9235377e+04   1.1855948e+01   4.9235377e+04   1.1679441e+01   4.9235377e+04   1.1608838e+01
   2.7814978e+04   1.1865000e+01   4.9433907e+04   1.1853152e+01   4.9433907e+04   1.1676644e+01   4.9433907e+04   1.1606042e+01
   2.7285594e+04   1.1875000e+01   4.9632436e+04   1.1850355e+01   4.9632436e+04   1.1673848e+01   4.9632436e+04   1.1603245e+01
   2.6755760e+04   1.1885000e+01   4.9830966e+04   1.1847558e+01   4.9830966e+04   1.1671051e+01   4.9830966e+04   1.1600448e+01
   2.6225588e+04   1.1890000e+01   5.0029496e+04   1.1844762e+01   5.0029496e+04   1.1668255e+01   5.0029496e+04   1.1597652e+01
   2.5695191e+04   1.1895000e+01   5.0228026e+04   1.1841965e+01   5.0228026e+04   1.1665458e+01   5.0228026e+04   1.1594855e+01
   2.5164457e+04   1.1905000e+01   5.0426555e+04   1.1839168e+01   5.0426555e+04   1.1662661e+01   5.0426555e+04   1.1592058e+01
   2.4633385e+04   1.1910000e+01   5.0625085e+04   1.1836372e+01   5.0625085e+04   1.1659865e+01   5.0625085e+04   1.1589262e+01
   2.4101976e+04   1.1920000e+01   5.0823615e+04   1.1833575e+01   5.0823615e+04   1.1657068e+01   5.0823615e+04   1.1586465e+01
   2.3570116e+04   1.1930000e+01   5.1022145e+04   1.1830778e+01   5.1022145e+04   1.1654271e+01   5.1022145e+04   1.1583668e+01
   2.3037919e+04   1.1935000e+01   5.1220674e+04   1.1827982e+01   5.1220674e+04   1.1651475e+01   5.1220674e+04   1.1580872e+01
   2.2505385e+04   1.1945000e+01   5.1419204e+04   1.1825185e+01   5.1419204e+04   1.1648678e+01   5.1419204e+04   1.1578075e+01
   2.1972513e+04   1.1950000e+01   5.1617734e+04   1.1822389e+01   5.1617734e+04   1.1645881e+01   5.1617734e+04   1.1575278e+01
   2.1439304e+04   1.1960000e+01   5.1816263e+04   1.1819592e+01   5.1816263e+04   1.1643085e+01   5.1816263e+04   1.1572482e+01
   2.0905645e+04   1.1970000e+01   5.2014793e+04   1.1816795e+01   5.2014793e+04   1.1640288e+01   5.2014793e+04   1.1569685e+01
   2.0371648e+04   1.1975000e+01   5.2213323e+04   1.1813999e+01   5.2213323e+04   1.1637491e+01   5.2213323e+04   1.1566888e+01
   1.9837314e+04   1.1985000e+01   5.2411853e+04   1.1811202e+01   5.2411853e+04   1.1634695e+01   5.2411853e+04   1.1564092e+01
   1.9302529e+04   1.1995000e+01   5.2610382e+04   1.1808405e+01   5.2610382e+04   1.1631898e+01   5.2610382e+04   1.1561295e+01
   1.8767295e+04   1.2005000e+01   5.2808912e+04   1.1805609e+01   5.2808912e+04   1.1629101e+01   5.2808912e+04   1.1558499e+01
   1.8231611e+04   1.2015000e+01   5.3007442e+04   1.1802812e+01   5.3007442e+04   1.1626305e+01   5.3007442e+04   1.1555702e+01
   1.7695589e+04   1.2020000e+01   5.3205972e+04   1.1800015e+01   5.3205972e+04   1.1623508e+01   5.3205972e+04   1.1552905e+01
   1.7159230e+04   1.2030000e+01   5.3404501e+04   1.1797219e+01   5.3404501e+04   1.1620711e+01   5.3404501e+04   1.1550109e+01
   1.6622420e+04   1.2040000e+01   5.3603031e+04   1.1794422e+01   5.3603031e+04   1.1617915e+01   5.3603031e+04   1.1547312e+01
   1.6085274e+04   1.2045000e+01   5.3801561e+04   1.1791625e+01   5.3801561e+04   1.1615118e+01   5.3801561e+04   1.1544515e+01
   1.5547789e+04   1.2055000e+01   5.4000091e+04   1.1788829e+01   5.4000091e+04   1.1612322e+01   5.4000091e+04   1.1541719e+01
   1.5009855e+04   1.2065000e+01   5.4198620e+04   1.1786032e+01   5.4198620e+04   1.1609525e+01   5.4198620e+04   1.1538922e+01
   1.4471471e+04   1.2075000e+01   5.4397150e+04   1.1783235e+01   5.4397150e+04   1.1606728e+01   5.4397150e+04   1.1536125e+01
   1.3932636e+04   1.2085000e+01   5.4595680e+04   1.1780439e+01   5.4595680e+04   1.1603932e+01   5.4595680e+04   1.1533329e+01
   1.3393352e+04   1.2095000e+01   5.4794210e+04   1.1777642e+01   5.4794210e+04   1.1601135e+01   5.4794210e+04   1.1530532e+01
   1.2853618e+04   1.2105000e+01   5.4992739e+04   1.1774845e+01   5.4992739e+04   1.1598338e+01   5.4992739e+04   1.1527735e+01
   1.2313321e+04   1.2120000e+01   5.5191269e+04   1.1772049e+01   5.5191269e+04   1.1595542e+01   5.5191269e+04   1.1524939e+01
   1.1772237e+04   1.2140000e+01   5.5389799e+04   1.1769252e+01   5.5389799e+04   1.1592745e+01   5.5389799e+04   1.1522142e+01
   1.1230590e+04   1.2145000e+01   5.5588329e+04   1.1766456e+01   5.5588329e+04   1.1589948e+01   5.5588329e+04   1.1519345e+01
   1.0688605e+04   1.2155000e+01   5.5786858e+04   1.1763659e+01   5.5786858e+04   1.1587152e+01   5.5786858e+04   1.1516549e+01
   1.0146171e+04   1.2165000e+01   5.5985388e+04   1.1760862e+01   5.5985388e+04   1.1584355e+01   5.5985388e+04   1.1513752e+01
   9.6032869e+03   1.2175000e+01   5.6183918e+04   1.1758066e+01   5.6183918e+04   1.1581558e+01   5.6183918e+04   1.1510955e+01
   9.0599526e+03   1.2185000e+01   5.6382448e+04   1.1755269e+01   5.6382448e+04   1.1578762e+01   5.6382448e+04   1.1508159e+01
   8.5160558e+03   1.2200000e+01   5.6580977e+04   1.1752472e+01   5.6580977e+04   1.1575965e+01   5.6580977e+04   1.1505362e+01
   1.4988996e+05   1.0320000e+01   5.6779507e+04   1.1749676e+01   5.6779507e+04   1.1573168e+01   5.6779507e+04   1.1502566e+01
   1.4969977e+05   1.0320000e+01   5.6978037e+04   1.1746879e+01   5.6978037e+04   1.1570372e+01   5.6978037e+04   1.1499769e+01
   1.4950953e+05   1.0325000e+01   5.7176567e+04   1.1744082e+01   5.7176567e+04   1.1567575e+01   5.7176567e+04   1.1496972e+01
   1.4931925e+05   1.0325000e+01   5.7375096e+04   1.1741286e+01   5.7375096e+04   1.1564778e+01   5.7375096e+04   1.1494176e+01
   1.4912891e+05   1.0330000e+01   5.7573626e+04   1.1738489e+01   5.7573626e+04   1.1561982e+01   5.7573626e+04   1.1491379e+01
   1.4893854e+05   1.0330000e+01   5.7772156e+04   1.1735692e+01   5.7772156e+04   1.1559185e+01   5.7772156e+04   1.1488582e+01
   1.4874811e+05   1.0335000e+01   5.7970686e+04   1.1732896e+01   5.7970686e+04   1.1556388e+01   5.7970686e+04   1.1485786e+01
   1.4855764e+05   1.0335000e+01   5.8169215e+04   1.1730099e+01   5.8169215e+04   1.1553592e+01   5.8169215e+04   1.1482989e+01
   1.4836712e+05   1.0340000e+01   5.8367745e+04   1.1727302e+01   5.8367745e+04   1.1550795e+01   5.8367745e+04   1.1480192e+01
   1.4817651e+05   1.0345000e+01   5.8566275e+04   1.1724506e+01   5.8566275e+04   1.1547999e+01   5.8566275e+04   1.1477396e+01
   1.4798580e+05   1.0350000e+01   5.8764805e+04   1.1721709e+01   5.8764805e+04   1.1545202e+01   5.8764805e+04   1.1474599e+01
   1.4779505e+05   1.0350000e+01   5.8963334e+04   1.1718912e+01   5.8963334e+04   1.1542405e+01   5.8963334e+04   1.1471802e+01
   1.4703166e+05   1.0360000e+01   5.9161864e+04   1.1716116e+01   5.9161864e+04   1.1539609e+01   5.9161864e+04   1.1469006e+01
   1.4626734e+05   1.0375000e+01   5.9360394e+04   1.1713319e+01   5.9360394e+04   1.1536812e+01   5.9360394e+04   1.1466209e+01
   1.4550208e+05   1.0385000e+01   5.9558924e+04   1.1710523e+01   5.9558924e+04   1.1534015e+01   5.9558924e+04   1.1463412e+01
   1.4473588e+05   1.0400000e+01   5.9757453e+04   1.1707726e+01   5.9757453e+04   1.1531219e+01   5.9757453e+04   1.1460616e+01
   1.4396855e+05   1.0415000e+01   5.9955983e+04   1.1704929e+01   5.9955983e+04   1.1528422e+01   5.9955983e+04   1.1457819e+01
   1.4320010e+05   1.0430000e+01   6.0154513e+04   1.1702133e+01   6.0154513e+04   1.1525625e+01   6.0154513e+04   1.1455022e+01
   1.4243053e+05   1.0445000e+01   6.0353043e+04   1.1699336e+01   6.0353043e+04   1.1522829e+01   6.0353043e+04   1.1452226e+01
   1.4165964e+05   1.0465000e+01   6.0551572e+04   1.1696539e+01   6.0551572e+04   1.1520032e+01   6.0551572e+04   1.1449429e+01
   1.4088744e+05   1.0480000e+01   6.0750102e+04   1.1693743e+01   6.0750102e+04   1.1517235e+01   6.0750102e+04   1.1446632e+01
   1.4011412e+05   1.0495000e+01   6.0948632e+04   1.1690946e+01   6.0948632e+04   1.1514439e+01   6.0948632e+04   1.1443836e+01
   1.3933948e+05   1.0515000e+01   6.1147162e+04   1.1688149e+01   6.1147162e+04   1.1511642e+01   6.1147162e+04   1.1441039e+01
   1.3856353e+05   1.0530000e+01   6.1345691e+04   1.1685353e+01   6.1345691e+04   1.1508845e+01   6.1345691e+04   1.1438243e+01
   1.3778627e+05   1.0550000e+01   6.1544221e+04   1.1682556e+01   6.1544221e+04   1.1506049e+01   6.1544221e+04   1.1435446e+01
   1.3700769e+05   1.0565000e+01   6.1742751e+04   1.1679759e+01   6.1742751e+04   1.1503252e+01   6.1742751e+04   1.1432649e+01
   1.3622781e+05   1.0585000e+01   6.1941280e+04   1.1676963e+01   6.1941280e+04   1.1500455e+01   6.1941280e+04   1.1429853e+01
   1.3544661e+05   1.0600000e+01   6.2139810e+04   1.1674166e+01   6.2139810e+04   1.1497659e+01   6.2139810e+04   1.1427056e+01
   1.3466428e+05   1.0615000e+01   6.2338340e+04   1.1671369e+01   6.2338340e+04   1.1494862e+01   6.2338340e+04   1.1424259e+01
   1.3388065e+05   1.0635000e+01   6.2536870e+04   1.1668573e+01   6.2536870e+04   1.1492066e+01   6.2536870e+04   1.1421463e+01
   1.3309570e+05   1.0650000e+01   6.2735399e+04   1.1665776e+01   6.2735399e+04   1.1489269e+01   6.2735399e+04   1.1418666e+01
   1.3230962e+05   1.0665000e+01   6.2933929e+04   1.1662979e+01   6.2933929e+04   1.1486472e+01   6.2933929e+04   1.1415869e+01
   1.3152242e+05   1.0680000e+01   6.3132459e+04   1.1660183e+01   6.3132459e+04   1.1483676e+01   6.3132459e+04   1.1413073e+01
   1.3073391e+05   1.0700000e+01   6.3330989e+04   1.1657386e+01   6.3330989e+04   1.1480879e+01   6.3330989e+04   1.1410276e+01
   1.2994427e+05   1.0710000e+01   6.3529518e+04   1.1654590e+01   6.3529518e+04   1.1478082e+01   6.3529518e+04   1.1407479e+01
   1.2915370e+05   1.0725000e+01   6.3728048e+04   1.1651793e+01   6.3728048e+04   1.1475286e+01   6.3728048e+04   1.1404683e+01
   1.2836200e+05   1.0740000e+01   6.3926578e+04   1.1648996e+01   6.3926578e+04   1.1472489e+01   6.3926578e+04   1.1401886e+01
   1.2756936e+05   1.0750000e+01   6.4125108e+04   1.1646200e+01   6.4125108e+04   1.1469692e+01   6.4125108e+04   1.1399089e+01
   1.2677598e+05   1.0760000e+01   6.4323637e+04   1.1643403e+01   6.4323637e+04   1.1466896e+01   6.4323637e+04   1.1396293e+01
   1.2598184e+05   1.0770000e+01   6.4522167e+04   1.1640606e+01   6.4522167e+04   1.1464099e+01   6.4522167e+04   1.1393496e+01
   1.2518695e+05   1.0780000e+01   6.4720697e+04   1.1637810e+01   6.4720697e+04   1.1461302e+01   6.4720697e+04   1.1390699e+01
   1.2439132e+05   1.0790000e+01   6.4919227e+04   1.1635013e+01   6.4919227e+04   1.1458506e+01   6.4919227e+04   1.1387903e+01
   1.2359512e+05   1.0795000e+01   6.5117756e+04   1.1632216e+01   6.5117756e+04   1.1455709e+01   6.5117756e+04   1.1385106e+01
   1.2279835e+05   1.0805000e+01   6.5316286e+04   1.1629420e+01   6.5316286e+04   1.1452912e+01   6.5316286e+04   1.1382310e+01
   1.2200103e+05   1.0810000e+01   6.5514816e+04   1.1626623e+01   6.5514816e+04   1.1450116e+01   6.5514816e+04   1.1379513e+01
   1.2120314e+05   1.0820000e+01   6.5713346e+04   1.1623826e+01   6.5713346e+04   1.1447319e+01   6.5713346e+04   1.1376716e+01
   1.2040469e+05   1.0825000e+01   6.5911875e+04   1.1621030e+01   6.5911875e+04   1.1444522e+01   6.5911875e+04   1.1373920e+01
   1.1960568e+05   1.0835000e+01   6.6110405e+04   1.1618233e+01   6.6110405e+04   1.1441726e+01   6.6110405e+04   1.1371123e+01
   1.1880592e+05   1.0845000e+01   6.6308935e+04   1.1615436e+01   6.6308935e+04   1.1438929e+01   6.6308935e+04   1.1368326e+01
   1.1800560e+05   1.0850000e+01   6.6507465e+04   1.1612640e+01   6.6507465e+04   1.1436133e+01   6.6507465e+04   1.1365530e+01
   1.1720490e+05   1.0855000e+01   6.6705994e+04   1.1609843e+01   6.6705994e+04   1.1433336e+01   6.6705994e+04   1.1362733e+01
   1.1640363e+05   1.0865000e+01   6.6904524e+04   1.1607046e+01   6.6904524e+04   1.1430539e+01   6.6904524e+04   1.1359936e+01
   1.1560162e+05   1.0875000e+01   6.7103054e+04   1.1604250e+01   6.7103054e+04   1.1427743e+01   6.7103054e+04   1.1357140e+01
   1.1479905e+05   1.0880000e+01   6.7301584e+04   1.1601453e+01   6.7301584e+04   1.1424946e+01   6.7301584e+04   1.1354343e+01
   1.1399610e+05   1.0885000e+01   6.7500113e+04   1.1598657e+01   6.7500113e+04   1.1422149e+01   6.7500113e+04   1.1351546e+01
   1.1319259e+05   1.0895000e+01   6.7698643e+04   1.1595860e+01   6.7698643e+04   1.1419353e+01   6.7698643e+04   1.1348750e+01
   1.1238851e+05   1.0900000e+01   6.7897173e+04   1.1593063e+01   6.7897173e+04   1.1416556e+01   6.7897173e+04   1.1345953e+01
   1.1158387e+05   1.0910000e+01   6.8095703e+04   1.1590267e+01   6.8095703e+04   1.1413759e+01   6.8095703e+04   1.1343156e+01
   1.1077868e+05   1.0915000e+01   6.8294232e+04   1.1587470e+01   6.8294232e+04   1.1410963e+01   6.8294232e+04   1.1340360e+01
   1.0997310e+05   1.0920000e+01   6.8492762e+04   1.1584673e+01   6.8492762e+04   1.1408166e+01   6.8492762e+04   1.1337563e+01
   1.0916696e+05   1.0930000e+01   6.8691292e+04   1.1581877e+01   6.8691292e+04   1.1405369e+01   6.8691292e+04   1.1334766e+01
   1.0836026e+05   1.0935000e+01   6.8889822e+04   1.1579080e+01   6.8889822e+04   1.1402573e+01   6.8889822e+04   1.1331970e+01
   1.0755300e+05   1.0945000e+01   6.9088351e+04   1.1576283e+01   6.9088351e+04   1.1399776e+01   6.9088351e+04   1.1329173e+01
   1.0674518e+05   1.0950000e+01   6.9286881e+04   1.1573487e+01   6.9286881e+04   1.1396979e+01   6.9286881e+04   1.1326377e+01
   1.0593679e+05   1.0960000e+01   6.9485411e+04   1.1570690e+01   6.9485411e+04   1.1394183e+01   6.9485411e+04   1.1323580e+01
   1.0512784e+05   1.0965000e+01   6.9683941e+04   1.1567893e+01   6.9683941e+04   1.1391386e+01   6.9683941e+04   1.1320783e+01
   1.0431852e+05   1.0970000e+01   6.9882470e+04   1.1565097e+01   6.9882470e+04   1.1388589e+01   6.9882470e+04   1.1317987e+01
   1.0350863e+05   1.0980000e+01   7.0081000e+04   1.1562300e+01   7.0081000e+04   1.1385793e+01   7.0081000e+04   1.1315190e+01
   1.0269818e+05   1.0985000e+01   7.0279530e+04   1.1559503e+01   7.0279530e+04   1.1382996e+01   7.0279530e+04   1.1312393e+01
   1.0188717e+05   1.0995000e+01   7.0478060e+04   1.1556707e+01   7.0478060e+04   1.1380200e+01   7.0478060e+04   1.1309597e+01
   1.0107541e+05   1.1005000e+01   7.0676589e+04   1.1553910e+01   7.0676589e+04   1.1377403e+01   7.0676589e+04   1.1306800e+01
   1.0026308e+05   1.1010000e+01   7.0875119e+04   1.1551113e+01   7.0875119e+04   1.1374606e+01   7.0875119e+04   1.1304003e+01
   9.9450383e+04   1.1015000e+01   7.1073649e+04   1.1548317e+01   7.1073649e+04   1.1371810e+01   7.1073649e+04   1.1301207e+01
   9.8637308e+04   1.1020000e+01   7.1272179e+04   1.1545520e+01   7.1272179e+04   1.1369013e+01   7.1272179e+04   1.1298410e+01
   9.7823671e+04   1.1030000e+01   7.1470708e+04   1.1542723e+01   7.1470708e+04   1.1366216e+01   7.1470708e+04   1.1295613e+01
   9.7009284e+04   1.1040000e+01   7.1669238e+04   1.1539927e+01   7.1669238e+04   1.1363420e+01   7.1669238e+04   1.1292817e+01
   9.6194147e+04   1.1050000e+01   7.1867768e+04   1.1537130e+01   7.1867768e+04   1.1360623e+01   7.1867768e+04   1.1290020e+01
   9.5378448e+04   1.1055000e+01   7.2066297e+04   1.1534334e+01   7.2066297e+04   1.1357826e+01   7.2066297e+04   1.1287223e+01
   9.4562374e+04   1.1060000e+01   7.2264827e+04   1.1531537e+01   7.2264827e+04   1.1355030e+01   7.2264827e+04   1.1284427e+01
   9.3745737e+04   1.1070000e+01   7.2463357e+04   1.1528740e+01   7.2463357e+04   1.1352233e+01   7.2463357e+04   1.1281630e+01
   9.2928350e+04   1.1080000e+01   7.2661887e+04   1.1525944e+01   7.2661887e+04   1.1349436e+01   7.2661887e+04   1.1278833e+01
   9.2110400e+04   1.1085000e+01   7.2860416e+04   1.1523147e+01   7.2860416e+04   1.1346640e+01   7.2860416e+04   1.1276037e+01
   9.1291888e+04   1.1095000e+01   7.3058946e+04   1.1520350e+01   7.3058946e+04   1.1343843e+01   7.3058946e+04   1.1273240e+01
   9.0472814e+04   1.1100000e+01   7.3257476e+04   1.1517554e+01   7.3257476e+04   1.1341046e+01   7.3257476e+04   1.1270443e+01
   8.9653177e+04   1.1110000e+01   7.3456006e+04   1.1514757e+01   7.3456006e+04   1.1338250e+01   7.3456006e+04   1.1267647e+01
   8.8832790e+04   1.1120000e+01   7.3654535e+04   1.1511960e+01   7.3654535e+04   1.1335453e+01   7.3654535e+04   1.1264850e+01
   8.8011653e+04   1.1130000e+01   7.3853065e+04   1.1509164e+01   7.3853065e+04   1.1332656e+01   7.3853065e+04   1.1262054e+01
   8.7189766e+04   1.1140000e+01   7.4051595e+04   1.1506367e+01   7.4051595e+04   1.1329860e+01   7.4051595e+04   1.1259257e+01
   8.6367316e+04   1.1145000e+01   7.4250125e+04   1.1503570e+01   7.4250125e+04   1.1327063e+01   7.4250125e+04   1.1256460e+01
   8.5544305e+04   1.1155000e+01   7.4448654e+04   1.1500774e+01   7.4448654e+04   1.1324266e+01   7.4448654e+04   1.1253664e+01
   8.4720543e+04   1.1165000e+01   7.4647184e+04   1.1497977e+01   7.4647184e+04   1.1321470e+01   7.4647184e+04   1.1250867e+01
   8.3896031e+04   1.1175000e+01   7.4845714e+04   1.1495180e+01   7.4845714e+04   1.1318673e+01   7.4845714e+04   1.1248070e+01
   8.3070769e+04   1.1185000e+01   7.5044244e+04   1.1492384e+01   7.5044244e+04   1.1315877e+01   7.5044244e+04   1.1245274e+01
   8.2244757e+04   1.1195000e+01   7.5242773e+04   1.1489587e+01   7.5242773e+04   1.1313080e+01   7.5242773e+04   1.1242477e+01
   8.1417995e+04   1.1205000e+01   7.5441303e+04   1.1486790e+01   7.5441303e+04   1.1310283e+01   7.5441303e+04   1.1239680e+01
   8.0590483e+04   1.1215000e+01   7.5639833e+04   1.1483994e+01   7.5639833e+04   1.1307487e+01   7.5639833e+04   1.1236884e+01
   7.9762221e+04   1.1225000e+01   7.5838363e+04   1.1481197e+01   7.5838363e+04   1.1304690e+01   7.5838363e+04   1.1234087e+01
   7.8933021e+04   1.1240000e+01   7.6036892e+04   1.1478401e+01   7.6036892e+04   1.1301893e+01   7.6036892e+04   1.1231290e+01
   7.8102884e+04   1.1250000e+01   7.6235422e+04   1.1475604e+01   7.6235422e+04   1.1299097e+01   7.6235422e+04   1.1228494e+01
   7.7271810e+04   1.1265000e+01   7.6433952e+04   1.1472807e+01   7.6433952e+04   1.1296300e+01   7.6433952e+04   1.1225697e+01
   7.6439423e+04   1.1285000e+01   7.6632482e+04   1.1470011e+01   7.6632482e+04   1.1293503e+01   7.6632482e+04   1.1222900e+01
   7.5605911e+04   1.1295000e+01   7.6831011e+04   1.1467214e+01   7.6831011e+04   1.1290707e+01   7.6831011e+04   1.1220104e+01
   7.4771462e+04   1.1310000e+01   7.7029541e+04   1.1464417e+01   7.7029541e+04   1.1287910e+01   7.7029541e+04   1.1217307e+01
   7.3935887e+04   1.1325000e+01   7.7228071e+04   1.1461621e+01   7.7228071e+04   1.1285113e+01   7.7228071e+04   1.1214510e+01
   7.3099188e+04   1.1340000e+01   7.7426601e+04   1.1458824e+01   7.7426601e+04   1.1282317e+01   7.7426601e+04   1.1211714e+01
   7.2261363e+04   1.1355000e+01   7.7625130e+04   1.1456027e+01   7.7625130e+04   1.1279520e+01   7.7625130e+04   1.1208917e+01
   7.1422414e+04   1.1370000e+01   7.7823660e+04   1.1453231e+01   7.7823660e+04   1.1276723e+01   7.7823660e+04   1.1206121e+01
   7.0582527e+04   1.1380000e+01   7.8022190e+04   1.1450434e+01   7.8022190e+04   1.1273927e+01   7.8022190e+04   1.1203324e+01
   6.9741702e+04   1.1395000e+01   7.8220720e+04   1.1447637e+01   7.8220720e+04   1.1271130e+01   7.8220720e+04   1.1200527e+01
   6.8899753e+04   1.1410000e+01   7.8419249e+04   1.1444841e+01   7.8419249e+04   1.1268333e+01   7.8419249e+04   1.1197731e+01
   6.8056866e+04   1.1420000e+01   7.8617779e+04   1.1442044e+01   7.8617779e+04   1.1265537e+01   7.8617779e+04   1.1194934e+01
   6.7213041e+04   1.1435000e+01   7.8816309e+04   1.1439247e+01   7.8816309e+04   1.1262740e+01   7.8816309e+04   1.1192137e+01
   6.6368092e+04   1.1450000e+01   7.9014839e+04   1.1436451e+01   7.9014839e+04   1.1259943e+01   7.9014839e+04   1.1189341e+01
   6.5522018e+04   1.1465000e+01   7.9213368e+04   1.1433654e+01   7.9213368e+04   1.1257147e+01   7.9213368e+04   1.1186544e+01
   6.4675006e+04   1.1475000e+01   7.9411898e+04   1.1430857e+01   7.9411898e+04   1.1254350e+01   7.9411898e+04   1.1183747e+01
   6.3827244e+04   1.1485000e+01   7.9610428e+04   1.1428061e+01   7.9610428e+04   1.1251554e+01   7.9610428e+04   1.1180951e+01
   6.2978544e+04   1.1500000e+01   7.9808958e+04   1.1425264e+01   7.9808958e+04   1.1248757e+01   7.9808958e+04   1.1178154e+01
   6.2128720e+04   1.1515000e+01   8.0007487e+04   1.1422467e+01   8.0007487e+04   1.1245960e+01   8.0007487e+04   1.1175357e+01
   6.1277770e+04   1.1530000e+01   8.0206017e+04   1.1419671e+01   8.0206017e+04   1.1243164e+01   8.0206017e+04   1.1172561e+01
   6.0425696e+04   1.1545000e+01   8.0404547e+04   1.1416874e+01   8.0404547e+04   1.1240367e+01   8.0404547e+04   1.1169764e+01
   5.9572496e+04   1.1560000e+01   8.0603077e+04   1.1414077e+01   8.0603077e+04   1.1237570e+01   8.0603077e+04   1.1166967e+01
   5.8718359e+04   1.1570000e+01   8.0801606e+04   1.1411281e+01   8.0801606e+04   1.1234774e+01   8.0801606e+04   1.1164171e+01
   5.7863285e+04   1.1585000e+01   8.1000136e+04   1.1408484e+01   8.1000136e+04   1.1231977e+01   8.1000136e+04   1.1161374e+01
   5.7007085e+04   1.1600000e+01   8.1198666e+04   1.1405688e+01   8.1198666e+04   1.1229180e+01   8.1198666e+04   1.1158577e+01
   5.6149949e+04   1.1610000e+01   8.1397196e+04   1.1402891e+01   8.1397196e+04   1.1226384e+01   8.1397196e+04   1.1155781e+01
   5.5291874e+04   1.1625000e+01   8.1595725e+04   1.1400094e+01   8.1595725e+04   1.1223587e+01   8.1595725e+04   1.1152984e+01
   5.4432675e+04   1.1640000e+01   8.1794255e+04   1.1397298e+01   8.1794255e+04   1.1220790e+01   8.1794255e+04   1.1150187e+01
   5.3572350e+04   1.1655000e+01   8.1992785e+04   1.1394501e+01   8.1992785e+04   1.1217994e+01   8.1992785e+04   1.1147391e+01
   5.2711088e+04   1.1665000e+01   8.2191314e+04   1.1391704e+01   8.2191314e+04   1.1215197e+01   8.2191314e+04   1.1144594e+01
   5.1848889e+04   1.1680000e+01   8.2389844e+04   1.1388908e+01   8.2389844e+04   1.1212400e+01   8.2389844e+04   1.1141797e+01
   5.0985752e+04   1.1690000e+01   8.2588374e+04   1.1386111e+01   8.2588374e+04   1.1209604e+01   8.2588374e+04   1.1139001e+01
   5.0121677e+04   1.1705000e+01   8.2786904e+04   1.1383314e+01   8.2786904e+04   1.1206807e+01   8.2786904e+04   1.1136204e+01
   4.9256665e+04   1.1715000e+01   8.2985433e+04   1.1380518e+01   8.2985433e+04   1.1204010e+01   8.2985433e+04   1.1133408e+01
   4.8390716e+04   1.1730000e+01   8.3183963e+04   1.1377721e+01   8.3183963e+04   1.1201214e+01   8.3183963e+04   1.1130611e+01
   4.7523641e+04   1.1745000e+01   8.3382493e+04   1.1374924e+01   8.3382493e+04   1.1198417e+01   8.3382493e+04   1.1127814e+01
   4.6655629e+04   1.1755000e+01   8.3581023e+04   1.1372128e+01   8.3581023e+04   1.1195620e+01   8.3581023e+04   1.1125018e+01
   4.5786680e+04   1.1770000e+01   8.3779552e+04   1.1369331e+01   8.3779552e+04   1.1192824e+01   8.3779552e+04   1.1122221e+01
   4.4916793e+04   1.1780000e+01   8.3978082e+04   1.1366534e+01   8.3978082e+04   1.1190027e+01   8.3978082e+04   1.1119424e+01
   4.4045969e+04   1.1795000e+01   8.4176612e+04   1.1363738e+01   8.4176612e+04   1.1187230e+01   8.4176612e+04   1.1116628e+01
   4.3174207e+04   1.1805000e+01   8.4375142e+04   1.1360941e+01   8.4375142e+04   1.1184434e+01   8.4375142e+04   1.1113831e+01
   4.2301507e+04   1.1820000e+01   8.4573671e+04   1.1358144e+01   8.4573671e+04   1.1181637e+01   8.4573671e+04   1.1111034e+01
   4.1427870e+04   1.1830000e+01   8.4772201e+04   1.1355348e+01   8.4772201e+04   1.1178840e+01   8.4772201e+04   1.1108238e+01
   4.0553483e+04   1.1840000e+01   8.4970731e+04   1.1352551e+01   8.4970731e+04   1.1176044e+01   8.4970731e+04   1.1105441e+01
   3.9678159e+04   1.1855000e+01   8.5169261e+04   1.1349754e+01   8.5169261e+04   1.1173247e+01   8.5169261e+04   1.1102644e+01
   3.8801897e+04   1.1865000e+01   8.5367790e+04   1.1346958e+01   8.5367790e+04   1.1170451e+01   8.5367790e+04   1.1099848e+01
   3.7924697e+04   1.1880000e+01   8.5566320e+04   1.1344161e+01   8.5566320e+04   1.1167654e+01   8.5566320e+04   1.1097051e+01
   3.7046560e+04   1.1890000e+01   8.5764850e+04   1.1341364e+01   8.5764850e+04   1.1164857e+01   8.5764850e+04   1.1094254e+01
   3.6167674e+04   1.1900000e+01   8.5963380e+04   1.1338568e+01   8.5963380e+04   1.1162061e+01   8.5963380e+04   1.1091458e+01
   3.5287849e+04   1.1915000e+01   8.6161909e+04   1.1335771e+01   8.6161909e+04   1.1159264e+01   8.6161909e+04   1.1088661e+01
   3.4407087e+04   1.1925000e+01   8.6360439e+04   1.1332974e+01   8.6360439e+04   1.1156467e+01   8.6360439e+04   1.1085864e+01
   3.3525575e+04   1.1935000e+01   8.6558969e+04   1.1330178e+01   8.6558969e+04   1.1153671e+01   8.6558969e+04   1.1083068e+01
   3.2643126e+04   1.1950000e+01   8.6757499e+04   1.1327381e+01   8.6757499e+04   1.1150874e+01   8.6757499e+04   1.1080271e+01
   3.1759739e+04   1.1960000e+01   8.6956028e+04   1.1324584e+01   8.6956028e+04   1.1148077e+01   8.6956028e+04   1.1077474e+01
   3.0875414e+04   1.1975000e+01   8.7154558e+04   1.1321788e+01   8.7154558e+04   1.1145281e+01   8.7154558e+04   1.1074678e+01
   2.9989965e+04   1.1990000e+01   8.7353088e+04   1.1318991e+01   8.7353088e+04   1.1142484e+01   8.7353088e+04   1.1071881e+01
   2.9103578e+04   1.2000000e+01   8.7551618e+04   1.1316194e+01   8.7551618e+04   1.1139687e+01   8.7551618e+04   1.1069084e+01
   2.8216253e+04   1.2015000e+01   8.7750147e+04   1.1313398e+01   8.7750147e+04   1.1136891e+01   8.7750147e+04   1.1066288e+01
   2.7327991e+04   1.2025000e+01   8.7948677e+04   1.1310601e+01   8.7948677e+04   1.1134094e+01   8.7948677e+04   1.1063491e+01
   2.6438979e+04   1.2035000e+01   8.8147207e+04   1.1307804e+01   8.8147207e+04   1.1131297e+01   8.8147207e+04   1.1060694e+01
   2.5549030e+04   1.2050000e+01   8.8345737e+04   1.1305008e+01   8.8345737e+04   1.1128501e+01   8.8345737e+04   1.1057898e+01
   2.4657956e+04   1.2065000e+01   8.8544266e+04   1.1302211e+01   8.8544266e+04   1.1125704e+01   8.8544266e+04   1.1055101e+01
   2.3765756e+04   1.2080000e+01   8.8742796e+04   1.1299414e+01   8.8742796e+04   1.1122907e+01   8.8742796e+04   1.1052304e+01
   2.2872432e+04   1.2095000e+01   8.8941326e+04   1.1296618e+01   8.8941326e+04   1.1120111e+01   8.8941326e+04   1.1049508e+01
   2.1977982e+04   1.2110000e+01   8.9139856e+04   1.1293821e+01   8.9139856e+04   1.1117314e+01   8.9139856e+04   1.1046711e+01
   2.1082408e+04   1.2125000e+01   8.9338385e+04   1.1291024e+01   8.9338385e+04   1.1114517e+01   8.9338385e+04   1.1043914e+01
   2.0185521e+04   1.2145000e+01   8.9536915e+04   1.1288228e+01   8.9536915e+04   1.1111721e+01   8.9536915e+04   1.1041118e+01
   1.4988996e+05   1.0435000e+01   8.9735445e+04   1.1285431e+01   8.9735445e+04   1.1108924e+01   8.9735445e+04   1.1038321e+01
   1.4951170e+05   1.0445000e+01   8.9933975e+04   1.1282634e+01   8.9933975e+04   1.1106127e+01   8.9933975e+04   1.1035524e+01
   1.4913315e+05   1.0450000e+01   9.0132504e+04   1.1279838e+01   9.0132504e+04   1.1103331e+01   9.0132504e+04   1.1032728e+01
   1.4875423e+05   1.0465000e+01   9.0331034e+04   1.1277041e+01   9.0331034e+04   1.1100534e+01   9.0331034e+04   1.1029931e+01
   1.4837485e+05   1.0475000e+01   9.0529564e+04   1.1274244e+01   9.0529564e+04   1.1097737e+01   9.0529564e+04   1.1027134e+01
   1.4799518e+05   1.0480000e+01   9.0728094e+04   1.1271448e+01   9.0728094e+04   1.1094941e+01   9.0728094e+04   1.1024338e+01
   1.4761514e+05   1.0495000e+01   9.0926623e+04   1.1268651e+01   9.0926623e+04   1.1092144e+01   9.0926623e+04   1.1021541e+01
   1.4723472e+05   1.0500000e+01   9.1125153e+04   1.1265854e+01   9.1125153e+04   1.1089347e+01   9.1125153e+04   1.1018744e+01
   1.4685402e+05   1.0510000e+01   9.1323683e+04   1.1263058e+01   9.1323683e+04   1.1086550e+01   9.1323683e+04   1.1015948e+01
   1.4647294e+05   1.0520000e+01   9.1522213e+04   1.1260261e+01   9.1522213e+04   1.1083754e+01   9.1522213e+04   1.1013151e+01
   1.4609149e+05   1.0530000e+01   9.1720742e+04   1.1257464e+01   9.1720742e+04   1.1080957e+01   9.1720742e+04   1.1010354e+01
   1.4570967e+05   1.0540000e+01   9.1919272e+04   1.1254668e+01   9.1919272e+04   1.1078160e+01   9.1919272e+04   1.1007558e+01
   1.4532747e+05   1.0550000e+01   9.2117802e+04   1.1251871e+01   9.2117802e+04   1.1075364e+01   9.2117802e+04   1.1004761e+01
   1.4494490e+05   1.0560000e+01   9.2316331e+04   1.1249074e+01   9.2316331e+04   1.1072567e+01   9.2316331e+04   1.1001964e+01
   1.4456195e+05   1.0570000e+01   9.2514861e+04   1.1246278e+01   9.2514861e+04   1.1069770e+01   9.2514861e+04   1.0999167e+01
   1.4417872e+05   1.0575000e+01   9.2713391e+04   1.1243481e+01   9.2713391e+04   1.1066974e+01   9.2713391e+04   1.0996371e+01
   1.4379520e+05   1.0585000e+01   9.2911921e+04   1.1240684e+01   9.2911921e+04   1.1064177e+01   9.2911921e+04   1.0993574e+01
   1.4341132e+05   1.0595000e+01   9.3110450e+04   1.1237888e+01   9.3110450e+04   1.1061380e+01   9.3110450e+04   1.0990777e+01
   1.4302705e+05   1.0605000e+01   9.3308980e+04   1.1235091e+01   9.3308980e+04   1.1058584e+01   9.3308980e+04   1.0987981e+01
   1.4264251e+05   1.0610000e+01   9.3507510e+04   1.1232294e+01   9.3507510e+04   1.1055787e+01   9.3507510e+04   1.0985184e+01
   1.4225769e+05   1.0620000e+01   9.3706040e+04   1.1229497e+01   9.3706040e+04   1.1052990e+01   9.3706040e+04   1.0982387e+01
   1.4187249e+05   1.0630000e+01   9.3904569e+04   1.1226701e+01   9.3904569e+04   1.1050194e+01   9.3904569e+04   1.0979591e+01
   1.4148691e+05   1.0640000e+01   9.4103099e+04   1.1223904e+01   9.4103099e+04   1.1047397e+01   9.4103099e+04   1.0976794e+01
   1.4110096e+05   1.0650000e+01   9.4301629e+04   1.1221107e+01   9.4301629e+04   1.1044600e+01   9.4301629e+04   1.0973997e+01
   1.4071473e+05   1.0655000e+01   9.4500159e+04   1.1218311e+01   9.4500159e+04   1.1041803e+01   9.4500159e+04   1.0971201e+01
   1.4032822e+05   1.0665000e+01   9.4698688e+04   1.1215514e+01   9.4698688e+04   1.1039007e+01   9.4698688e+04   1.0968404e+01
   1.3994133e+05   1.0675000e+01   9.4897218e+04   1.1212717e+01   9.4897218e+04   1.1036210e+01   9.4897218e+04   1.0965607e+01
   1.3955417e+05   1.0680000e+01   9.5095748e+04   1.1209921e+01   9.5095748e+04   1.1033413e+01   9.5095748e+04   1.0962810e+01
   1.3916672e+05   1.0690000e+01   9.5294278e+04   1.1207124e+01   9.5294278e+04   1.1030617e+01   9.5294278e+04   1.0960014e+01
   1.3877889e+05   1.0700000e+01   9.5492807e+04   1.1204327e+01   9.5492807e+04   1.1027820e+01   9.5492807e+04   1.0957217e+01
   1.3839079e+05   1.0705000e+01   9.5691337e+04   1.1201530e+01   9.5691337e+04   1.1025023e+01   9.5691337e+04   1.0954420e+01
   1.3800240e+05   1.0715000e+01   9.5889867e+04   1.1198734e+01   9.5889867e+04   1.1022226e+01   9.5889867e+04   1.0951624e+01
   1.3761364e+05   1.0725000e+01   9.6088397e+04   1.1195937e+01   9.6088397e+04   1.1019430e+01   9.6088397e+04   1.0948827e+01
   1.3722459e+05   1.0730000e+01   9.6286926e+04   1.1193140e+01   9.6286926e+04   1.1016633e+01   9.6286926e+04   1.0946030e+01
   1.3683527e+05   1.0740000e+01   9.6485456e+04   1.1190343e+01   9.6485456e+04   1.1013836e+01   9.6485456e+04   1.0943233e+01
   1.3644557e+05   1.0750000e+01   9.6683986e+04   1.1187547e+01   9.6683986e+04   1.1011039e+01   9.6683986e+04   1.0940437e+01
   1.3605559e+05   1.0755000e+01   9.6882516e+04   1.1184750e+01   9.6882516e+04   1.1008243e+01   9.6882516e+04   1.0937640e+01
   1.3566533e+05   1.0765000e+01   9.7081045e+04   1.1181953e+01   9.7081045e+04   1.1005446e+01   9.7081045e+04   1.0934843e+01
   1.3527478e+05   1.0770000e+01   9.7279575e+04   1.1179157e+01   9.7279575e+04   1.1002649e+01   9.7279575e+04   1.0932046e+01
   1.3488405e+05   1.0775000e+01   9.7478105e+04   1.1176360e+01   9.7478105e+04   1.0999853e+01   9.7478105e+04   1.0929250e+01
   1.3449304e+05   1.0785000e+01   9.7676635e+04   1.1173563e+01   9.7676635e+04   1.0997056e+01   9.7676635e+04   1.0926453e+01
   1.3410175e+05   1.0790000e+01   9.7875164e+04   1.1170766e+01   9.7875164e+04   1.0994259e+01   9.7875164e+04   1.0923656e+01
   1.3371027e+05   1.0795000e+01   9.8073694e+04   1.1167970e+01   9.8073694e+04   1.0991462e+01   9.8073694e+04   1.0920859e+01
   1.3331860e+05   1.0800000e+01   9.8272224e+04   1.1165173e+01   9.8272224e+04   1.0988666e+01   9.8272224e+04   1.0918063e+01
   1.3292674e+05   1.0805000e+01   9.8470754e+04   1.1162376e+01   9.8470754e+04   1.0985869e+01   9.8470754e+04   1.0915266e+01
   1.3253461e+05   1.0815000e+01   9.8669283e+04   1.1159579e+01   9.8669283e+04   1.0983072e+01   9.8669283e+04   1.0912469e+01
   1.3214219e+05   1.0820000e+01   9.8867813e+04   1.1156782e+01   9.8867813e+04   1.0980275e+01   9.8867813e+04   1.0909672e+01
   1.3174968e+05   1.0820000e+01   9.9066343e+04   1.1153986e+01   9.9066343e+04   1.0977478e+01   9.9066343e+04   1.0906876e+01
   1.3135707e+05   1.0825000e+01   9.9264873e+04   1.1151189e+01   9.9264873e+04   1.0974682e+01   9.9264873e+04   1.0904079e+01
   1.3096428e+05   1.0830000e+01   9.9463402e+04   1.1148392e+01   9.9463402e+04   1.0971885e+01   9.9463402e+04   1.0901282e+01
   1.3057130e+05   1.0835000e+01   9.9661932e+04   1.1145595e+01   9.9661932e+04   1.0969088e+01   9.9661932e+04   1.0898485e+01
   1.3017813e+05   1.0840000e+01   9.9860462e+04   1.1142798e+01   9.9860462e+04   1.0966291e+01   9.9860462e+04   1.0895688e+01
   1.2978477e+05   1.0845000e+01   1.0005899e+05   1.1140002e+01   1.0005899e+05   1.0963494e+01   1.0005899e+05   1.0892892e+01
   1.2939123e+05   1.0850000e+01   1.0025752e+05   1.1137205e+01   1.0025752e+05   1.0960698e+01   1.0025752e+05   1.0890095e+01
   1.2899750e+05   1.0855000e+01   1.0045605e+05   1.1134408e+01   1.0045605e+05   1.0957901e+01   1.0045605e+05   1.0887298e+01
   1.2860367e+05   1.0855000e+01   1.0065458e+05   1.1131611e+01   1.0065458e+05   1.0955104e+01   1.0065458e+05   1.0884501e+01
   1.2820976e+05   1.0860000e+01   1.0085311e+05   1.1128814e+01   1.0085311e+05   1.0952307e+01   1.0085311e+05   1.0881704e+01
   1.2781565e+05   1.0865000e+01   1.0105164e+05   1.1126017e+01   1.0105164e+05   1.0949510e+01   1.0105164e+05   1.0878907e+01
   1.2742136e+05   1.0870000e+01   1.0125017e+05   1.1123221e+01   1.0125017e+05   1.0946713e+01   1.0125017e+05   1.0876111e+01
   1.2702688e+05   1.0875000e+01   1.0144870e+05   1.1120424e+01   1.0144870e+05   1.0943917e+01   1.0144870e+05   1.0873314e+01
   1.2663221e+05   1.0880000e+01   1.0164723e+05   1.1117627e+01   1.0164723e+05   1.0941120e+01   1.0164723e+05   1.0870517e+01
   1.2623735e+05   1.0885000e+01   1.0184576e+05   1.1114830e+01   1.0184576e+05   1.0938323e+01   1.0184576e+05   1.0867720e+01
   1.2584240e+05   1.0885000e+01   1.0204429e+05   1.1112033e+01   1.0204429e+05   1.0935526e+01   1.0204429e+05   1.0864923e+01
   1.2544736e+05   1.0890000e+01   1.0224282e+05   1.1109236e+01   1.0224282e+05   1.0932729e+01   1.0224282e+05   1.0862126e+01
   1.2505213e+05   1.0895000e+01   1.0244135e+05   1.1106439e+01   1.0244135e+05   1.0929932e+01   1.0244135e+05   1.0859329e+01
   1.2465671e+05   1.0900000e+01   1.0263988e+05   1.1103642e+01   1.0263988e+05   1.0927135e+01   1.0263988e+05   1.0856532e+01
   1.2426111e+05   1.0905000e+01   1.0283841e+05   1.1100845e+01   1.0283841e+05   1.0924338e+01   1.0283841e+05   1.0853735e+01
   1.2386531e+05   1.0910000e+01   1.0303694e+05   1.1098049e+01   1.0303694e+05   1.0921541e+01   1.0303694e+05   1.0850938e+01
   1.2346943e+05   1.0910000e+01   1.0323547e+05   1.1095252e+01   1.0323547e+05   1.0918744e+01   1.0323547e+05   1.0848141e+01
   1.2307345e+05   1.0915000e+01   1.0343400e+05   1.1092455e+01   1.0343400e+05   1.0915947e+01   1.0343400e+05   1.0845345e+01
   1.2267728e+05   1.0920000e+01   1.0363253e+05   1.1089658e+01   1.0363253e+05   1.0913150e+01   1.0363253e+05   1.0842548e+01
   1.2228101e+05   1.0920000e+01   1.0383106e+05   1.1086861e+01   1.0383106e+05   1.0910353e+01   1.0383106e+05   1.0839751e+01
   1.2188466e+05   1.0925000e+01   1.0402959e+05   1.1084064e+01   1.0402959e+05   1.0907556e+01   1.0402959e+05   1.0836954e+01
   1.2148812e+05   1.0930000e+01   1.0422812e+05   1.1081267e+01   1.0422812e+05   1.0904759e+01   1.0422812e+05   1.0834157e+01
   1.2109139e+05   1.0935000e+01   1.0442665e+05   1.1078470e+01   1.0442665e+05   1.0901962e+01   1.0442665e+05   1.0831360e+01
   1.2069447e+05   1.0940000e+01   1.0462518e+05   1.1075673e+01   1.0462518e+05   1.0899165e+01   1.0462518e+05   1.0828562e+01
   1.2029746e+05   1.0940000e+01   1.0482371e+05   1.1072876e+01   1.0482371e+05   1.0896368e+01   1.0482371e+05   1.0825765e+01
   1.1990035e+05   1.0945000e+01   1.0502224e+05   1.1070078e+01   1.0502224e+05   1.0893571e+01   1.0502224e+05   1.0822968e+01
   1.1950306e+05   1.0950000e+01   1.0522076e+05   1.1067281e+01   1.0522076e+05   1.0890774e+01   1.0522076e+05   1.0820171e+01
   1.1910567e+05   1.0950000e+01   1.0541929e+05   1.1064484e+01   1.0541929e+05   1.0887977e+01   1.0541929e+05   1.0817374e+01
   1.1870819e+05   1.0955000e+01   1.0561782e+05   1.1061687e+01   1.0561782e+05   1.0885180e+01   1.0561782e+05   1.0814577e+01
   1.1831052e+05   1.0960000e+01   1.0581635e+05   1.1058890e+01   1.0581635e+05   1.0882383e+01   1.0581635e+05   1.0811780e+01
   1.1791266e+05   1.0965000e+01   1.0601488e+05   1.1056093e+01   1.0601488e+05   1.0879586e+01   1.0601488e+05   1.0808983e+01
   1.1751472e+05   1.0965000e+01   1.0621341e+05   1.1053296e+01   1.0621341e+05   1.0876788e+01   1.0621341e+05   1.0806185e+01
   1.1711667e+05   1.0970000e+01   1.0641194e+05   1.1050498e+01   1.0641194e+05   1.0873991e+01   1.0641194e+05   1.0803388e+01
   1.1671844e+05   1.0975000e+01   1.0661047e+05   1.1047701e+01   1.0661047e+05   1.0871194e+01   1.0661047e+05   1.0800591e+01
   1.1632002e+05   1.0980000e+01   1.0680900e+05   1.1044904e+01   1.0680900e+05   1.0868397e+01   1.0680900e+05   1.0797794e+01
   1.1592151e+05   1.0980000e+01   1.0700753e+05   1.1042107e+01   1.0700753e+05   1.0865599e+01   1.0700753e+05   1.0794997e+01
   1.1552291e+05   1.0985000e+01   1.0720606e+05   1.1039309e+01   1.0720606e+05   1.0862802e+01   1.0720606e+05   1.0792199e+01
   1.1512411e+05   1.0990000e+01   1.0740459e+05   1.1036512e+01   1.0740459e+05   1.0860005e+01   1.0740459e+05   1.0789402e+01
   1.1472513e+05   1.0995000e+01   1.0760312e+05   1.1033715e+01   1.0760312e+05   1.0857207e+01   1.0760312e+05   1.0786605e+01
   1.1432596e+05   1.1000000e+01   1.0780165e+05   1.1030917e+01   1.0780165e+05   1.0854410e+01   1.0780165e+05   1.0783807e+01
   1.1392670e+05   1.1000000e+01   1.0800018e+05   1.1028120e+01   1.0800018e+05   1.0851613e+01   1.0800018e+05   1.0781010e+01
   1.1352735e+05   1.1005000e+01   1.0819871e+05   1.1025322e+01   1.0819871e+05   1.0848815e+01   1.0819871e+05   1.0778212e+01
   1.1312780e+05   1.1010000e+01   1.0839724e+05   1.1022525e+01   1.0839724e+05   1.0846018e+01   1.0839724e+05   1.0775415e+01
   1.1272807e+05   1.1015000e+01   1.0859577e+05   1.1019727e+01   1.0859577e+05   1.0843220e+01   1.0859577e+05   1.0772617e+01
   1.1232825e+05   1.1015000e+01   1.0879430e+05   1.1016930e+01   1.0879430e+05   1.0840423e+01   1.0879430e+05   1.0769820e+01
   1.1192833e+05   1.1020000e+01   1.0899283e+05   1.1014132e+01   1.0899283e+05   1.0837625e+01   1.0899283e+05   1.0767022e+01
   1.1152822e+05   1.1025000e+01   1.0919136e+05   1.1011335e+01   1.0919136e+05   1.0834827e+01   1.0919136e+05   1.0764225e+01
   1.1112802e+05   1.1025000e+01   1.0938989e+05   1.1008537e+01   1.0938989e+05   1.0832030e+01   1.0938989e+05   1.0761427e+01
   1.1072773e+05   1.1030000e+01   1.0958842e+05   1.1005739e+01   1.0958842e+05   1.0829232e+01   1.0958842e+05   1.0758629e+01
   1.1032725e+05   1.1035000e+01   1.0978695e+05   1.1002942e+01   1.0978695e+05   1.0826434e+01   1.0978695e+05   1.0755832e+01
   1.0992658e+05   1.1040000e+01   1.0998548e+05   1.1000144e+01   1.0998548e+05   1.0823637e+01   1.0998548e+05   1.0753034e+01
   1.0952582e+05   1.1040000e+01   1.1018401e+05   1.0997346e+01   1.1018401e+05   1.0820839e+01   1.1018401e+05   1.0750236e+01
   1.0912496e+05   1.1045000e+01   1.1038254e+05   1.0994548e+01   1.1038254e+05   1.0818041e+01   1.1038254e+05   1.0747438e+01
   1.0872392e+05   1.1050000e+01   1.1058107e+05   1.0991750e+01   1.1058107e+05   1.0815243e+01   1.1058107e+05   1.0744640e+01
   1.0832269e+05   1.1055000e+01   1.1077960e+05   1.0988952e+01   1.1077960e+05   1.0812445e+01   1.1077960e+05   1.0741842e+01
   1.0792127e+05   1.1060000e+01   1.1097813e+05   1.0986154e+01   1.1097813e+05   1.0809647e+01   1.1097813e+05   1.0739044e+01
   1.0751976e+05   1.1060000e+01   1.1117666e+05   1.0983356e+01   1.1117666e+05   1.0806849e+01   1.1117666e+05   1.0736246e+01
   1.0711815e+05   1.1065000e+01   1.1137519e+05   1.0980558e+01   1.1137519e+05   1.0804051e+01   1.1137519e+05   1.0733448e+01
   1.0671636e+05   1.1070000e+01   1.1157372e+05   1.0977760e+01   1.1157372e+05   1.0801253e+01   1.1157372e+05   1.0730650e+01
   1.0631447e+05   1.1070000e+01   1.1177225e+05   1.0974962e+01   1.1177225e+05   1.0798454e+01   1.1177225e+05   1.0727852e+01
   1.0591249e+05   1.1075000e+01   1.1197078e+05   1.0972163e+01   1.1197078e+05   1.0795656e+01   1.1197078e+05   1.0725053e+01
   1.0551033e+05   1.1080000e+01   1.1216931e+05   1.0969365e+01   1.1216931e+05   1.0792858e+01   1.1216931e+05   1.0722255e+01
   1.0510797e+05   1.1085000e+01   1.1236784e+05   1.0966567e+01   1.1236784e+05   1.0790059e+01   1.1236784e+05   1.0719456e+01
   1.0470543e+05   1.1090000e+01   1.1256637e+05   1.0963768e+01   1.1256637e+05   1.0787261e+01   1.1256637e+05   1.0716658e+01
   1.0430279e+05   1.1090000e+01   1.1276490e+05   1.0960969e+01   1.1276490e+05   1.0784462e+01   1.1276490e+05   1.0713859e+01
   1.0390006e+05   1.1095000e+01   1.1296342e+05   1.0958171e+01   1.1296342e+05   1.0781664e+01   1.1296342e+05   1.0711061e+01
   1.0349714e+05   1.1100000e+01   1.1316195e+05   1.0955372e+01   1.1316195e+05   1.0778865e+01   1.1316195e+05   1.0708262e+01
   1.0309413e+05   1.1100000e+01   1.1336048e+05   1.0952573e+01   1.1336048e+05   1.0776066e+01   1.1336048e+05   1.0705463e+01
   1.0269102e+05   1.1105000e+01   1.1355901e+05   1.0949774e+01   1.1355901e+05   1.0773267e+01   1.1355901e+05   1.0702664e+01
   1.0228773e+05   1.1110000e+01   1.1375754e+05   1.0946975e+01   1.1375754e+05   1.0770468e+01   1.1375754e+05   1.0699865e+01
   1.0188425e+05   1.1115000e+01   1.1395607e+05   1.0944176e+01   1.1395607e+05   1.0767669e+01   1.1395607e+05   1.0697066e+01
   1.0148058e+05   1.1120000e+01   1.1415460e+05   1.0941377e+01   1.1415460e+05   1.0764870e+01   1.1415460e+05   1.0694267e+01
   1.0107682e+05   1.1120000e+01   1.1435313e+05   1.0938578e+01   1.1435313e+05   1.0762070e+01   1.1435313e+05   1.0691468e+01
   1.0067296e+05   1.1125000e+01   1.1455166e+05   1.0935778e+01   1.1455166e+05   1.0759271e+01   1.1455166e+05   1.0688668e+01
   1.0026892e+05   1.1130000e+01   1.1475019e+05   1.0932979e+01   1.1475019e+05   1.0756471e+01   1.1475019e+05   1.0685869e+01
   9.9864689e+04   1.1135000e+01   1.1494872e+05   1.0930179e+01   1.1494872e+05   1.0753672e+01   1.1494872e+05   1.0683069e+01
   9.9460271e+04   1.1140000e+01   1.1514725e+05   1.0927379e+01   1.1514725e+05   1.0750872e+01   1.1514725e+05   1.0680269e+01
   9.9055665e+04   1.1145000e+01   1.1534578e+05   1.0924579e+01   1.1534578e+05   1.0748072e+01   1.1534578e+05   1.0677469e+01
   9.8650872e+04   1.1150000e+01   1.1554431e+05   1.0921779e+01   1.1554431e+05   1.0745272e+01   1.1554431e+05   1.0674669e+01
   9.8245891e+04   1.1155000e+01   1.1574284e+05   1.0918979e+01   1.1574284e+05   1.0742472e+01   1.1574284e+05   1.0671869e+01
   9.7840817e+04   1.1155000e+01   1.1594137e+05   1.0916179e+01   1.1594137e+05   1.0739672e+01   1.1594137e+05   1.0669069e+01
   9.7435649e+04   1.1160000e+01   1.1613990e+05   1.0913379e+01   1.1613990e+05   1.0736871e+01   1.1613990e+05   1.0666269e+01
   9.7030293e+04   1.1165000e+01   1.1633843e+05   1.0910578e+01   1.1633843e+05   1.0734071e+01   1.1633843e+05   1.0663468e+01
   9.6624750e+04   1.1170000e+01   1.1653696e+05   1.0907777e+01   1.1653696e+05   1.0731270e+01   1.1653696e+05   1.0660667e+01
   9.6219019e+04   1.1175000e+01   1.1673549e+05   1.0904976e+01   1.1673549e+05   1.0728469e+01   1.1673549e+05   1.0657866e+01
   9.5813101e+04   1.1180000e+01   1.1693402e+05   1.0902175e+01   1.1693402e+05   1.0725668e+01   1.1693402e+05   1.0655065e+01
   9.5407089e+04   1.1180000e+01   1.1713255e+05   1.0899374e+01   1.1713255e+05   1.0722867e+01   1.1713255e+05   1.0652264e+01
   9.5000983e+04   1.1185000e+01   1.1733108e+05   1.0896573e+01   1.1733108e+05   1.0720066e+01   1.1733108e+05   1.0649463e+01
   9.4594596e+04   1.1195000e+01   1.1752961e+05   1.0893771e+01   1.1752961e+05   1.0717264e+01   1.1752961e+05   1.0646661e+01
   9.4188022e+04   1.1195000e+01   1.1772814e+05   1.0890969e+01   1.1772814e+05   1.0714462e+01   1.1772814e+05   1.0643859e+01
   9.3781353e+04   1.1200000e+01   1.1792667e+05   1.0888167e+01   1.1792667e+05   1.0711660e+01   1.1792667e+05   1.0641057e+01
   9.3374498e+04   1.1205000e+01   1.1812520e+05   1.0885365e+01   1.1812520e+05   1.0708858e+01   1.1812520e+05   1.0638255e+01
   9.2967454e+04   1.1210000e+01   1.1832373e+05   1.0882563e+01   1.1832373e+05   1.0706056e+01   1.1832373e+05   1.0635453e+01
   9.2560224e+04   1.1215000e+01   1.1852226e+05   1.0879760e+01   1.1852226e+05   1.0703253e+01   1.1852226e+05   1.0632650e+01
   9.2152806e+04   1.1220000e+01   1.1872079e+05   1.0876957e+01   1.1872079e+05   1.0700450e+01   1.1872079e+05   1.0629847e+01
   9.1745200e+04   1.1225000e+01   1.1891932e+05   1.0874154e+01   1.1891932e+05   1.0697647e+01   1.1891932e+05   1.0627044e+01
   9.1337500e+04   1.1225000e+01   1.1911785e+05   1.0871351e+01   1.1911785e+05   1.0694843e+01   1.1911785e+05   1.0624241e+01
   9.0929613e+04   1.1235000e+01   1.1931638e+05   1.0868547e+01   1.1931638e+05   1.0692040e+01   1.1931638e+05   1.0621437e+01
   9.0521445e+04   1.1240000e+01   1.1951491e+05   1.0865743e+01   1.1951491e+05   1.0689236e+01   1.1951491e+05   1.0618633e+01
   9.0113090e+04   1.1245000e+01   1.1971344e+05   1.0862939e+01   1.1971344e+05   1.0686432e+01   1.1971344e+05   1.0615829e+01
   8.9704546e+04   1.1250000e+01   1.1991197e+05   1.0860134e+01   1.1991197e+05   1.0683627e+01   1.1991197e+05   1.0613024e+01
   8.9295816e+04   1.1255000e+01   1.2011050e+05   1.0857329e+01   1.2011050e+05   1.0680822e+01   1.2011050e+05   1.0610219e+01
   8.8886991e+04   1.1255000e+01   1.2030903e+05   1.0854524e+01   1.2030903e+05   1.0678017e+01   1.2030903e+05   1.0607414e+01
   8.8477979e+04   1.1265000e+01   1.2050756e+05   1.0851719e+01   1.2050756e+05   1.0675212e+01   1.2050756e+05   1.0604609e+01
   8.8068686e+04   1.1270000e+01   1.2070609e+05   1.0848913e+01   1.2070609e+05   1.0672406e+01   1.2070609e+05   1.0601803e+01
   8.7659299e+04   1.1270000e+01   1.2090461e+05   1.0846107e+01   1.2090461e+05   1.0669599e+01   1.2090461e+05   1.0598997e+01
   8.7249818e+04   1.1275000e+01   1.2110314e+05   1.0843300e+01   1.2110314e+05   1.0666793e+01   1.2110314e+05   1.0596190e+01
   8.6840150e+04   1.1280000e+01   1.2130167e+05   1.0840493e+01   1.2130167e+05   1.0663986e+01   1.2130167e+05   1.0593383e+01
   8.6430294e+04   1.1285000e+01   1.2150020e+05   1.0837686e+01   1.2150020e+05   1.0661178e+01   1.2150020e+05   1.0590576e+01
   8.6020157e+04   1.1295000e+01   1.2169873e+05   1.0834878e+01   1.2169873e+05   1.0658371e+01   1.2169873e+05   1.0587768e+01
   8.5609739e+04   1.1300000e+01   1.2189726e+05   1.0832070e+01   1.2189726e+05   1.0655562e+01   1.2189726e+05   1.0584959e+01
   8.5199134e+04   1.1305000e+01   1.2209579e+05   1.0829261e+01   1.2209579e+05   1.0652754e+01   1.2209579e+05   1.0582151e+01
   8.4788340e+04   1.1310000e+01   1.2229432e+05   1.0826452e+01   1.2229432e+05   1.0649944e+01   1.2229432e+05   1.0579341e+01
   8.4377360e+04   1.1315000e+01   1.2249285e+05   1.0823642e+01   1.2249285e+05   1.0647135e+01   1.2249285e+05   1.0576532e+01
   8.3966191e+04   1.1320000e+01   1.2269138e+05   1.0820832e+01   1.2269138e+05   1.0644324e+01   1.2269138e+05   1.0573721e+01
   8.3554836e+04   1.1325000e+01   1.2288991e+05   1.0818021e+01   1.2288991e+05   1.0641513e+01   1.2288991e+05   1.0570911e+01
   8.3143293e+04   1.1330000e+01   1.2308844e+05   1.0815209e+01   1.2308844e+05   1.0638702e+01   1.2308844e+05   1.0568099e+01
   8.2731562e+04   1.1335000e+01   1.2328697e+05   1.0812397e+01   1.2328697e+05   1.0635890e+01   1.2328697e+05   1.0565287e+01
   8.2319550e+04   1.1345000e+01   1.2348550e+05   1.0809585e+01   1.2348550e+05   1.0633078e+01   1.2348550e+05   1.0562475e+01
   8.1907257e+04   1.1350000e+01   1.2368403e+05   1.0806772e+01   1.2368403e+05   1.0630264e+01   1.2368403e+05   1.0559662e+01
   8.1494776e+04   1.1355000e+01   1.2388256e+05   1.0803958e+01   1.2388256e+05   1.0627451e+01   1.2388256e+05   1.0556848e+01
   8.1082108e+04   1.1360000e+01   1.2408109e+05   1.0801143e+01   1.2408109e+05   1.0624636e+01   1.2408109e+05   1.0554033e+01
   8.0669252e+04   1.1365000e+01   1.2427962e+05   1.0798328e+01   1.2427962e+05   1.0621821e+01   1.2427962e+05   1.0551218e+01
   8.0256209e+04   1.1370000e+01   1.2447815e+05   1.0795512e+01   1.2447815e+05   1.0619005e+01   1.2447815e+05   1.0548402e+01
   7.9842884e+04   1.1380000e+01   1.2467668e+05   1.0792695e+01   1.2467668e+05   1.0616188e+01   1.2467668e+05   1.0545585e+01
   7.9429279e+04   1.1385000e+01   1.2487521e+05   1.0789878e+01   1.2487521e+05   1.0613371e+01   1.2487521e+05   1.0542768e+01
   7.9015485e+04   1.1390000e+01   1.2507374e+05   1.0787060e+01   1.2507374e+05   1.0610552e+01   1.2507374e+05   1.0539949e+01
   7.8601505e+04   1.1395000e+01   1.2527227e+05   1.0784240e+01   1.2527227e+05   1.0607733e+01   1.2527227e+05   1.0537130e+01
   7.8187243e+04   1.1405000e+01   1.2547080e+05   1.0781420e+01   1.2547080e+05   1.0604913e+01   1.2547080e+05   1.0534310e+01
   7.7772700e+04   1.1410000e+01   1.2566933e+05   1.0778599e+01   1.2566933e+05   1.0602092e+01   1.2566933e+05   1.0531489e+01
   7.7357969e+04   1.1415000e+01   1.2586786e+05   1.0775777e+01   1.2586786e+05   1.0599270e+01   1.2586786e+05   1.0528667e+01
   7.6943051e+04   1.1420000e+01   1.2606639e+05   1.0772954e+01   1.2606639e+05   1.0596447e+01   1.2606639e+05   1.0525844e+01
   7.6527851e+04   1.1430000e+01   1.2626492e+05   1.0770130e+01   1.2626492e+05   1.0593623e+01   1.2626492e+05   1.0523020e+01
   7.6112370e+04   1.1435000e+01   1.2646345e+05   1.0767305e+01   1.2646345e+05   1.0590798e+01   1.2646345e+05   1.0520195e+01
   7.5696702e+04   1.1440000e+01   1.2666198e+05   1.0764479e+01   1.2666198e+05   1.0587971e+01   1.2666198e+05   1.0517368e+01
   7.5280847e+04   1.1445000e+01   1.2686051e+05   1.0761651e+01   1.2686051e+05   1.0585144e+01   1.2686051e+05   1.0514541e+01
   7.4864710e+04   1.1455000e+01   1.2705904e+05   1.0758822e+01   1.2705904e+05   1.0582315e+01   1.2705904e+05   1.0511712e+01
   7.4448291e+04   1.1460000e+01   1.2725757e+05   1.0755992e+01   1.2725757e+05   1.0579485e+01   1.2725757e+05   1.0508882e+01
   7.4031686e+04   1.1465000e+01   1.2745610e+05   1.0753161e+01   1.2745610e+05   1.0576654e+01   1.2745610e+05   1.0506051e+01
   7.3614799e+04   1.1475000e+01   1.2765463e+05   1.0750328e+01   1.2765463e+05   1.0573821e+01   1.2765463e+05   1.0503218e+01
   7.3197631e+04   1.1480000e+01   1.2785316e+05   1.0747494e+01   1.2785316e+05   1.0570987e+01   1.2785316e+05   1.0500384e+01
   7.2780275e+04   1.1485000e+01   1.2805169e+05   1.0744659e+01   1.2805169e+05   1.0568151e+01   1.2805169e+05   1.0497549e+01
   7.2362732e+04   1.1490000e+01   1.2825022e+05   1.0741822e+01   1.2825022e+05   1.0565314e+01   1.2825022e+05   1.0494711e+01
   7.1944907e+04   1.1500000e+01   1.2844875e+05   1.0738983e+01   1.2844875e+05   1.0562476e+01   1.2844875e+05   1.0491873e+01
   7.1526801e+04   1.1505000e+01   1.2864727e+05   1.0736142e+01   1.2864727e+05   1.0559635e+01   1.2864727e+05   1.0489032e+01
   7.1108414e+04   1.1515000e+01   1.2884580e+05   1.0733300e+01   1.2884580e+05   1.0556793e+01   1.2884580e+05   1.0486190e+01
   7.0689746e+04   1.1520000e+01   1.2904433e+05   1.0730456e+01   1.2904433e+05   1.0553949e+01   1.2904433e+05   1.0483346e+01
   7.0270891e+04   1.1525000e+01   1.2924286e+05   1.0727610e+01   1.2924286e+05   1.0551103e+01   1.2924286e+05   1.0480500e+01
   6.9851754e+04   1.1535000e+01   1.2944139e+05   1.0724763e+01   1.2944139e+05   1.0548255e+01   1.2944139e+05   1.0477653e+01
   6.9432335e+04   1.1540000e+01   1.2963992e+05   1.0721913e+01   1.2963992e+05   1.0545406e+01   1.2963992e+05   1.0474803e+01
   6.9012636e+04   1.1550000e+01   1.2983845e+05   1.0719061e+01   1.2983845e+05   1.0542554e+01   1.2983845e+05   1.0471951e+01
   6.8592655e+04   1.1555000e+01   1.3003698e+05   1.0716207e+01   1.3003698e+05   1.0539700e+01   1.3003698e+05   1.0469097e+01
   6.8172487e+04   1.1560000e+01   1.3023551e+05   1.0713350e+01   1.3023551e+05   1.0536843e+01   1.3023551e+05   1.0466240e+01
   6.7752038e+04   1.1570000e+01   1.3043404e+05   1.0710492e+01   1.3043404e+05   1.0533984e+01   1.3043404e+05   1.0463381e+01
   6.7331307e+04   1.1575000e+01   1.3063257e+05   1.0707630e+01   1.3063257e+05   1.0531123e+01   1.3063257e+05   1.0460520e+01
   6.6910389e+04   1.1580000e+01   1.3083110e+05   1.0704767e+01   1.3083110e+05   1.0528259e+01   1.3083110e+05   1.0457656e+01
   6.6489189e+04   1.1590000e+01   1.3102963e+05   1.0701900e+01   1.3102963e+05   1.0525393e+01   1.3102963e+05   1.0454790e+01
   6.6067709e+04   1.1595000e+01   1.3122816e+05   1.0699031e+01   1.3122816e+05   1.0522524e+01   1.3122816e+05   1.0451921e+01
   6.5645947e+04   1.1605000e+01   1.3142669e+05   1.0696159e+01   1.3142669e+05   1.0519651e+01   1.3142669e+05   1.0449048e+01
   6.5223903e+04   1.1610000e+01   1.3162522e+05   1.0693283e+01   1.3162522e+05   1.0516776e+01   1.3162522e+05   1.0446173e+01
   6.4801579e+04   1.1620000e+01   1.3182375e+05   1.0690405e+01   1.3182375e+05   1.0513898e+01   1.3182375e+05   1.0443295e+01
   6.4378973e+04   1.1625000e+01   1.3202228e+05   1.0687524e+01   1.3202228e+05   1.0511016e+01   1.3202228e+05   1.0440414e+01
   6.3956180e+04   1.1630000e+01   1.3222081e+05   1.0684639e+01   1.3222081e+05   1.0508132e+01   1.3222081e+05   1.0437529e+01
   6.3533106e+04   1.1640000e+01   1.3241934e+05   1.0681750e+01   1.3241934e+05   1.0505243e+01   1.3241934e+05   1.0434640e+01
   6.3109750e+04   1.1645000e+01   1.3261787e+05   1.0678858e+01   1.3261787e+05   1.0502351e+01   1.3261787e+05   1.0431748e+01
   6.2686113e+04   1.1655000e+01   1.3281640e+05   1.0675963e+01   1.3281640e+05   1.0499455e+01   1.3281640e+05   1.0428852e+01
   6.2262195e+04   1.1660000e+01   1.3301493e+05   1.0673063e+01   1.3301493e+05   1.0496556e+01   1.3301493e+05   1.0425953e+01
   6.1838089e+04   1.1665000e+01   1.3321346e+05   1.0670159e+01   1.3321346e+05   1.0493652e+01   1.3321346e+05   1.0423049e+01
   6.1413702e+04   1.1675000e+01   1.3341199e+05   1.0667251e+01   1.3341199e+05   1.0490744e+01   1.3341199e+05   1.0420141e+01
   6.0989034e+04   1.1680000e+01   1.3361052e+05   1.0664338e+01   1.3361052e+05   1.0487831e+01   1.3361052e+05   1.0417228e+01
   6.0564178e+04   1.1685000e+01   1.3380905e+05   1.0661421e+01   1.3380905e+05   1.0484914e+01   1.3380905e+05   1.0414311e+01
   6.0139041e+04   1.1695000e+01   1.3400758e+05   1.0658499e+01   1.3400758e+05   1.0481992e+01   1.3400758e+05   1.0411389e+01
   5.9713623e+04   1.1700000e+01   1.3420611e+05   1.0655572e+01   1.3420611e+05   1.0479065e+01   1.3420611e+05   1.0408462e+01
   5.9287923e+04   1.1710000e+01   1.3440464e+05   1.0652640e+01   1.3440464e+05   1.0476133e+01   1.3440464e+05   1.0405530e+01
   5.8861943e+04   1.1715000e+01   1.3460317e+05   1.0649703e+01   1.3460317e+05   1.0473196e+01   1.3460317e+05   1.0402593e+01
   5.8435775e+04   1.1720000e+01   1.3480170e+05   1.0646760e+01   1.3480170e+05   1.0470253e+01   1.3480170e+05   1.0399650e+01
   5.8009325e+04   1.1730000e+01   1.3500023e+05   1.0643811e+01   1.3500023e+05   1.0467304e+01   1.3500023e+05   1.0396701e+01
   5.7582594e+04   1.1735000e+01   1.3519876e+05   1.0640856e+01   1.3519876e+05   1.0464349e+01   1.3519876e+05   1.0393746e+01
   5.7155676e+04   1.1740000e+01   1.3539729e+05   1.0637895e+01   1.3539729e+05   1.0461388e+01   1.3539729e+05   1.0390785e+01
   5.6728477e+04   1.1750000e+01   1.3559582e+05   1.0634927e+01   1.3559582e+05   1.0458420e+01   1.3559582e+05   1.0387817e+01
   5.6300996e+04   1.1755000e+01   1.3579435e+05   1.0631953e+01   1.3579435e+05   1.0455446e+01   1.3579435e+05   1.0384843e+01
   5.5873328e+04   1.1760000e+01   1.3599288e+05   1.0628971e+01   1.3599288e+05   1.0452464e+01   1.3599288e+05   1.0381861e+01
   5.5445378e+04   1.1770000e+01   1.3619141e+05   1.0625982e+01   1.3619141e+05   1.0449475e+01   1.3619141e+05   1.0378872e+01
   5.5017148e+04   1.1775000e+01   1.3638993e+05   1.0622986e+01   1.3638993e+05   1.0446479e+01   1.3638993e+05   1.0375876e+01
   5.4588729e+04   1.1780000e+01   1.3658846e+05   1.0619981e+01   1.3658846e+05   1.0443474e+01   1.3658846e+05   1.0372871e+01
   5.4160030e+04   1.1790000e+01   1.3678699e+05   1.0616969e+01   1.3678699e+05   1.0440461e+01   1.3678699e+05   1.0369858e+01
   5.3731049e+04   1.1795000e+01   1.3698552e+05   1.0613947e+01   1.3698552e+05   1.0437440e+01   1.3698552e+05   1.0366837e+01
   5.3301881e+04   1.1800000e+01   1.3718405e+05   1.0610917e+01   1.3718405e+05   1.0434410e+01   1.3718405e+05   1.0363807e+01
   5.2872432e+04   1.1810000e+01   1.3738258e+05   1.0607877e+01   1.3738258e+05   1.0431370e+01   1.3738258e+05   1.0360767e+01
   5.2442701e+04   1.1815000e+01   1.3758111e+05   1.0604828e+01   1.3758111e+05   1.0428321e+01   1.3758111e+05   1.0357718e+01
   5.2012783e+04   1.1820000e+01   1.3777964e+05   1.0601769e+01   1.3777964e+05   1.0425262e+01   1.3777964e+05   1.0354659e+01
   5.1582677e+04   1.1825000e+01   1.3797817e+05   1.0598700e+01   1.3797817e+05   1.0422192e+01   1.3797817e+05   1.0351589e+01
   5.1152290e+04   1.1835000e+01   1.3817670e+05   1.0595619e+01   1.3817670e+05   1.0419112e+01   1.3817670e+05   1.0348509e+01
   5.0721622e+04   1.1840000e+01   1.3837523e+05   1.0592527e+01   1.3837523e+05   1.0416020e+01   1.3837523e+05   1.0345417e+01
   5.0290672e+04   1.1850000e+01   1.3857376e+05   1.0589424e+01   1.3857376e+05   1.0412917e+01   1.3857376e+05   1.0342314e+01
   4.9859442e+04   1.1855000e+01   1.3877229e+05   1.0586308e+01   1.3877229e+05   1.0409801e+01   1.3877229e+05   1.0339198e+01
   4.9428023e+04   1.1860000e+01   1.3897082e+05   1.0583180e+01   1.3897082e+05   1.0406673e+01   1.3897082e+05   1.0336070e+01
   4.8996418e+04   1.1865000e+01   1.3916935e+05   1.0580038e+01   1.3916935e+05   1.0403531e+01   1.3916935e+05   1.0332928e+01
   4.8564625e+04   1.1870000e+01   1.3936788e+05   1.0576883e+01   1.3936788e+05   1.0400376e+01   1.3936788e+05   1.0329773e+01
   4.8132550e+04   1.1880000e+01   1.3956641e+05   1.0573714e+01   1.3956641e+05   1.0397207e+01   1.3956641e+05   1.0326604e+01
   4.7700194e+04   1.1885000e+01   1.3976494e+05   1.0570530e+01   1.3976494e+05   1.0394022e+01   1.3976494e+05   1.0323420e+01
   4.7267651e+04   1.1890000e+01   1.3996347e+05   1.0567330e+01   1.3996347e+05   1.0390823e+01   1.3996347e+05   1.0320220e+01
   4.6834827e+04   1.1900000e+01   1.4016200e+05   1.0564114e+01   1.4016200e+05   1.0387607e+01   1.4016200e+05   1.0317004e+01
   4.6401721e+04   1.1905000e+01   1.4036053e+05   1.0560882e+01   1.4036053e+05   1.0384375e+01   1.4036053e+05   1.0313772e+01
   4.5968428e+04   1.1910000e+01   1.4055906e+05   1.0557633e+01   1.4055906e+05   1.0381125e+01   1.4055906e+05   1.0310523e+01
   4.5534947e+04   1.1915000e+01   1.4075759e+05   1.0554365e+01   1.4075759e+05   1.0377858e+01   1.4075759e+05   1.0307255e+01
   4.5101185e+04   1.1925000e+01   1.4095612e+05   1.0551079e+01   1.4095612e+05   1.0374572e+01   1.4095612e+05   1.0303969e+01
   4.4667142e+04   1.1930000e+01   1.4115465e+05   1.0547773e+01   1.4115465e+05   1.0371266e+01   1.4115465e+05   1.0300663e+01
   4.4232911e+04   1.1935000e+01   1.4135318e+05   1.0544447e+01   1.4135318e+05   1.0367940e+01   1.4135318e+05   1.0297337e+01
   4.3798493e+04   1.1940000e+01   1.4155171e+05   1.0541100e+01   1.4155171e+05   1.0364593e+01   1.4155171e+05   1.0293990e+01
   4.3363794e+04   1.1950000e+01   1.4175024e+05   1.0537732e+01   1.4175024e+05   1.0361224e+01   1.4175024e+05   1.0290621e+01
   4.2928813e+04   1.1955000e+01   1.4194877e+05   1.0534340e+01   1.4194877e+05   1.0357833e+01   1.4194877e+05   1.0287230e+01
   4.2493645e+04   1.1960000e+01   1.4214730e+05   1.0530925e+01   1.4214730e+05   1.0354418e+01   1.4214730e+05   1.0283815e+01
   4.2058289e+04   1.1965000e+01   1.4234583e+05   1.0527485e+01   1.4234583e+05   1.0350978e+01   1.4234583e+05   1.0280375e+01
   4.1622746e+04   1.1970000e+01   1.4254436e+05   1.0524020e+01   1.4254436e+05   1.0347513e+01   1.4254436e+05   1.0276910e+01
   4.1186921e+04   1.1980000e+01   1.4274289e+05   1.0520528e+01   1.4274289e+05   1.0344021e+01   1.4274289e+05   1.0273418e+01
   4.0750816e+04   1.1985000e+01   1.4294142e+05   1.0517009e+01   1.4294142e+05   1.0340502e+01   1.4294142e+05   1.0269899e+01
   4.0314429e+04   1.1995000e+01   1.4313995e+05   1.0513461e+01   1.4313995e+05   1.0336954e+01   1.4313995e+05   1.0266351e+01
   3.9877760e+04   1.2000000e+01   1.4333848e+05   1.0509883e+01   1.4333848e+05   1.0333376e+01   1.4333848e+05   1.0262773e+01
   3.9440905e+04   1.2005000e+01   1.4353701e+05   1.0506274e+01   1.4353701e+05   1.0329767e+01   1.4353701e+05   1.0259164e+01
   3.9003861e+04   1.2010000e+01   1.4373554e+05   1.0502633e+01   1.4373554e+05   1.0326125e+01   1.4373554e+05   1.0255523e+01
   3.8566631e+04   1.2015000e+01   1.4393407e+05   1.0498958e+01   1.4393407e+05   1.0322451e+01   1.4393407e+05   1.0251848e+01
   3.8129119e+04   1.2025000e+01   1.4413259e+05   1.0495248e+01   1.4413259e+05   1.0318741e+01   1.4413259e+05   1.0248138e+01
   3.7691326e+04   1.2030000e+01   1.4433112e+05   1.0491502e+01   1.4433112e+05   1.0314995e+01   1.4433112e+05   1.0244392e+01
   3.7253345e+04   1.2035000e+01   1.4452965e+05   1.0487719e+01   1.4452965e+05   1.0311212e+01   1.4452965e+05   1.0240609e+01
   3.6815083e+04   1.2045000e+01   1.4472818e+05   1.0483896e+01   1.4472818e+05   1.0307389e+01   1.4472818e+05   1.0236786e+01
   3.6376540e+04   1.2050000e+01   1.4492671e+05   1.0480033e+01   1.4492671e+05   1.0303525e+01   1.4492671e+05   1.0232922e+01
   3.5937809e+04   1.2055000e+01   1.4512524e+05   1.0476127e+01   1.4512524e+05   1.0299619e+01   1.4512524e+05   1.0229016e+01
   3.5498797e+04   1.2065000e+01   1.4532377e+05   1.0472177e+01   1.4532377e+05   1.0295669e+01   1.4532377e+05   1.0225066e+01
   3.5059504e+04   1.2070000e+01   1.4552230e+05   1.0468181e+01   1.4552230e+05   1.0291674e+01   1.4552230e+05   1.0221071e+01
   3.4620023e+04   1.2075000e+01   1.4572083e+05   1.0464137e+01   1.4572083e+05   1.0287630e+01   1.4572083e+05   1.0217027e+01
   3.4180261e+04   1.2085000e+01   1.4591936e+05   1.0460045e+01   1.4591936e+05   1.0283537e+01   1.4591936e+05   1.0212934e+01
   3.3740218e+04   1.2090000e+01   1.4611789e+05   1.0455900e+01   1.4611789e+05   1.0279393e+01   1.4611789e+05   1.0208790e+01
   3.3299894e+04   1.2100000e+01   1.4631642e+05   1.0451702e+01   1.4631642e+05   1.0275195e+01   1.4631642e+05   1.0204592e+01
   3.2859288e+04   1.2105000e+01   1.4651495e+05   1.0447449e+01   1.4651495e+05   1.0270941e+01   1.4651495e+05   1.0200339e+01
   3.2418495e+04   1.2110000e+01   1.4671348e+05   1.0443137e+01   1.4671348e+05   1.0266630e+01   1.4671348e+05   1.0196027e+01
   3.1977514e+04   1.2115000e+01   1.4691201e+05   1.0438766e+01   1.4691201e+05   1.0262258e+01   1.4691201e+05   1.0191655e+01
   3.1536252e+04   1.2125000e+01   1.4711054e+05   1.0434331e+01   1.4711054e+05   1.0257824e+01   1.4711054e+05   1.0187221e+01
   3.1094709e+04   1.2130000e+01   1.4730907e+05   1.0429832e+01   1.4730907e+05   1.0253325e+01   1.4730907e+05   1.0182722e+01
   3.0652884e+04   1.2140000e+01   1.4750760e+05   1.0425265e+01   1.4750760e+05   1.0248758e+01   1.4750760e+05   1.0178155e+01
   3.0210685e+04   1.2150000e+01   1.4770613e+05   1.0420628e+01   1.4770613e+05   1.0244121e+01   1.4770613e+05   1.0173518e+01
   2.9768204e+04   1.2155000e+01   1.4790466e+05   1.0415918e+01   1.4790466e+05   1.0239411e+01   1.4790466e+05   1.0168808e+01
   2.9325536e+04   1.2160000e+01   1.4810319e+05   1.0411132e+01   1.4810319e+05   1.0234625e+01   1.4810319e+05   1.0164022e+01
   2.8882586e+04   1.2170000e+01   1.4830172e+05   1.0406267e+01   1.4830172e+05   1.0229760e+01   1.4830172e+05   1.0159157e+01
   2.8439356e+04   1.2175000e+01   1.4850025e+05   1.0401319e+01   1.4850025e+05   1.0224812e+01   1.4850025e+05   1.0154209e+01
   2.7995844e+04   1.2185000e+01   1.4869878e+05   1.0396287e+01   1.4869878e+05   1.0219779e+01   1.4869878e+05   1.0149177e+01
   2.7551957e+04   1.2195000e+01   1.4889731e+05   1.0391165e+01   1.4889731e+05   1.0214658e+01   1.4889731e+05   1.0144055e+01
   2.7107789e+04   1.2200000e+01   1.4909584e+05   1.0385951e+01   1.4909584e+05   1.0209444e+01   1.4909584e+05   1.0138841e+01
   2.6663339e+04   1.2210000e+01   1.4929437e+05   1.0380641e+01   1.4929437e+05   1.0204134e+01   1.4929437e+05   1.0133531e+01
   2.6218608e+04   1.2215000e+01   1.4949290e+05   1.0375231e+01   1.4949290e+05   1.0198724e+01   1.4949290e+05   1.0128121e+01
   2.5773596e+04   1.2225000e+01   1.4969143e+05   1.0369718e+01   1.4969143e+05   1.0193211e+01   1.4969143e+05   1.0122608e+01
   2.5328303e+04   1.2230000e+01   1.4988996e+05   1.0364097e+01   1.4988996e+05   1.0187589e+01   1.4988996e+05   1.0116986e+01
