#    nu	           T
  0.00	 16.49134435
  0.36	 16.62982608
  0.72	 16.76838057
  1.08	 16.90700484
  1.44	 17.04569589
  1.80	 17.18445073
  2.16	 17.32326636
  2.52	 17.46213979
  2.88	 17.60106801
  3.24	 17.74004804
  3.60	 17.87907685
  3.96	 18.01815147
  4.32	 18.15726887
  4.68	 18.29642606
  5.05	 18.43562004
  5.41	 18.57484779
  5.77	 18.71410632
  6.13	 18.85339261
  6.49	 18.99270366
  6.85	 19.13203645
  7.21	 19.27138799
  7.57	 19.41075526
  7.93	 19.55013525
  8.29	 19.68952496
  8.65	 19.82892137
  9.01	 19.96832147
  9.37	 20.10772226
  9.73	 20.24712072
 10.09	 20.38651385
 10.45	 20.52589863
 10.81	 20.66527205
 11.17	 20.80463111
 11.53	 20.94397280
 11.89	 21.08329410
 12.25	 21.22259202
 12.61	 21.36186354
 12.97	 21.50110565
 13.33	 21.64031535
 13.69	 21.77948963
 14.05	 21.91862549
 14.41	 22.05771993
 14.77	 22.19676993
 15.14	 22.33577250
 15.50	 22.47472464
 15.86	 22.61362335
 16.22	 22.75246562
 16.58	 22.89124846
 16.94	 23.02996887
 17.30	 23.16862386
 17.66	 23.30721044
 18.02	 23.44572561
 18.38	 23.58416637
 18.74	 23.72252975
 19.10	 23.86081276
 19.46	 23.99901240
 19.82	 24.13712569
 20.18	 24.27514966
 20.54	 24.41308132
 20.90	 24.55091769
 21.26	 24.68865580
 21.62	 24.82629267
 21.98	 24.96382534
 22.34	 25.10125083
 22.70	 25.23856617
 23.06	 25.37576840
 23.42	 25.51285456
 23.78	 25.64982169
 24.14	 25.78666683
 24.50	 25.92338702
 24.86	 26.05997932
 25.23	 26.19644077
 25.59	 26.33276843
 25.95	 26.46895935
 26.31	 26.60501060
 26.67	 26.74091923
 27.03	 26.87668231
 27.39	 27.01229692
 27.75	 27.14776011
 28.11	 27.28306898
 28.47	 27.41822058
 28.83	 27.55321202
 29.19	 27.68804037
 29.55	 27.82270272
 29.91	 27.95719616
 30.27	 28.09151780
 30.63	 28.22566472
 30.99	 28.35963404
 31.35	 28.49342285
 31.71	 28.62702828
 32.07	 28.76044744
 32.43	 28.89367744
 32.79	 29.02671541
 33.15	 29.15955848
 33.51	 29.29220378
 33.87	 29.42464844
 34.23	 29.55688961
 34.59	 29.68892443
 34.95	 29.82075004
 35.32	 29.95236361
 35.68	 30.08376229
 36.04	 30.21494324
 36.40	 30.34590363
 36.76	 30.47664064
 37.12	 30.60715144
 37.48	 30.73743321
 37.84	 30.86748314
 38.20	 30.99729842
 38.56	 31.12687625
 38.92	 31.25621383
 39.28	 31.38530837
 39.64	 31.51415708
 40.00	 31.64275718
 40.36	 31.77110589
 40.72	 31.89920044
 41.08	 32.02703806
 41.44	 32.15461601
 41.80	 32.28193151
 42.16	 32.40898182
 42.52	 32.53576420
 42.88	 32.66227591
 43.24	 32.78851422
 43.60	 32.91447640
 43.96	 33.04015974
 44.32	 33.16556151
 44.68	 33.29067902
 45.05	 33.41550956
 45.41	 33.54005043
 45.77	 33.66429895
 46.13	 33.78825243
 46.49	 33.91190820
 46.85	 34.03526359
 47.21	 34.15831593
 47.57	 34.28106256
 47.93	 34.40350084
 48.29	 34.52562813
 48.65	 34.64744178
 49.01	 34.76893917
 49.37	 34.89011767
 49.73	 35.01097466
 50.09	 35.13150754
 50.45	 35.25171371
 50.81	 35.37159056
 51.17	 35.49113551
 51.53	 35.61034598
 51.89	 35.72921940
 52.25	 35.84775319
 52.61	 35.96594480
 52.97	 36.08379168
 53.33	 36.20129128
 53.69	 36.31844107
 54.05	 36.43523851
 54.41	 36.55168109
 54.77	 36.66776628
 55.14	 36.78349159
 55.50	 36.89885451
 55.86	 37.01385256
 56.22	 37.12848325
 56.58	 37.24274410
 56.94	 37.35663265
 57.30	 37.47014644
 57.66	 37.58328302
 58.02	 37.69603994
 58.38	 37.80841477
 58.74	 37.92040509
 59.10	 38.03200848
 59.46	 38.14322252
 59.82	 38.25404482
 60.18	 38.36447298
 60.54	 38.47450461
 60.90	 38.58413735
 61.26	 38.69336883
 61.62	 38.80219668
 61.98	 38.91061856
 62.34	 39.01863213
 62.70	 39.12623504
 63.06	 39.23342499
 63.42	 39.34019966
 63.78	 39.44655673
 64.14	 39.55249392
 64.50	 39.65800894
 64.86	 39.76309950
 65.23	 39.86776335
 65.59	 39.97199821
 65.95	 40.07580184
 66.31	 40.17917200
 66.67	 40.28210646
 67.03	 40.38460298
 67.39	 40.48665937
 67.75	 40.58827342
 68.11	 40.68944292
 68.47	 40.79016571
 68.83	 40.89043960
 69.19	 40.99026242
 69.55	 41.08963203
 69.91	 41.18854628
 70.27	 41.28700302
 70.63	 41.38500014
 70.99	 41.48253553
 71.35	 41.57960706
 71.71	 41.67621266
 72.07	 41.77235022
 72.43	 41.86801768
 72.79	 41.96321297
 73.15	 42.05793404
 73.51	 42.15217883
 73.87	 42.24594533
 74.23	 42.33923149
 74.59	 42.43203530
 74.95	 42.52435477
 75.32	 42.61618790
 75.68	 42.70753271
 76.04	 42.79838721
 76.40	 42.88874946
 76.76	 42.97861750
 77.12	 43.06798940
 77.48	 43.15686321
 77.84	 43.24523702
 78.20	 43.33310893
 78.56	 43.42047703
 78.92	 43.50733945
 79.28	 43.59369430
 79.64	 43.67953972
 80.00	 43.76487385
 80.36	 43.84969486
 80.72	 43.93400091
 81.08	 44.01779018
 81.44	 44.10106087
 81.80	 44.18381117
 82.16	 44.26603930
 82.52	 44.34774348
 82.88	 44.42892195
 83.24	 44.50957296
 83.60	 44.58969476
 83.96	 44.66928563
 84.32	 44.74834384
 84.68	 44.82686769
 85.05	 44.90485548
 85.41	 44.98230554
 85.77	 45.05921618
 86.13	 45.13558574
 86.49	 45.21141259
 86.85	 45.28669508
 87.21	 45.36143158
 87.57	 45.43562048
 87.93	 45.50926018
 88.29	 45.58234909
 88.65	 45.65488563
 89.01	 45.72686824
 89.37	 45.79829536
 89.73	 45.86916545
 90.09	 45.93947697
 90.45	 46.00922842
 90.81	 46.07841828
 91.17	 46.14704506
 91.53	 46.21510728
 91.89	 46.28260346
 92.25	 46.34953216
 92.61	 46.41589193
 92.97	 46.48168133
 93.33	 46.54689894
 93.69	 46.61154336
 94.05	 46.67561318
 94.41	 46.73910703
 94.77	 46.80202354
 95.14	 46.86436134
 95.50	 46.92611910
 95.86	 46.98729547
 96.22	 47.04788914
 96.58	 47.10789879
 96.94	 47.16732314
 97.30	 47.22616089
 97.66	 47.28441078
 98.02	 47.34207156
 98.38	 47.39914197
 98.74	 47.45562078
 99.10	 47.51150678
 99.46	 47.56679875
 99.82	 47.62149551
100.18	 47.67559587
100.54	 47.72909867
100.90	 47.78200274
101.26	 47.83430695
101.62	 47.88601017
101.98	 47.93711128
102.34	 47.98760918
102.70	 48.03750277
103.06	 48.08679099
103.42	 48.13547276
103.78	 48.18354703
104.14	 48.23101278
104.50	 48.27786896
104.86	 48.32411458
105.23	 48.36974862
105.59	 48.41477012
105.95	 48.45917808
106.31	 48.50297156
106.67	 48.54614962
107.03	 48.58871131
107.39	 48.63065571
107.75	 48.67198194
108.11	 48.71268908
108.47	 48.75277626
108.83	 48.79224262
109.19	 48.83108730
109.55	 48.86930947
109.91	 48.90690830
110.27	 48.94388298
110.63	 48.98023270
110.99	 49.01595670
111.35	 49.05105418
111.71	 49.08552440
112.07	 49.11936661
112.43	 49.15258009
112.79	 49.18516410
113.15	 49.21711796
113.51	 49.24844097
113.87	 49.27913245
114.23	 49.30919174
114.59	 49.33861819
114.95	 49.36741117
115.32	 49.39557006
115.68	 49.42309424
116.04	 49.44998313
116.40	 49.47623613
116.76	 49.50185270
117.12	 49.52683226
117.48	 49.55117429
117.84	 49.57487825
118.20	 49.59794364
118.56	 49.62036996
118.92	 49.64215672
119.28	 49.66330346
119.64	 49.68380971
120.00	 49.70367503
120.36	 49.72289900
120.72	 49.74148120
121.08	 49.75942122
121.44	 49.77671869
121.80	 49.79337322
122.16	 49.80938446
122.52	 49.82475207
122.88	 49.83947570
123.24	 49.85355505
123.60	 49.86698980
123.96	 49.87977968
124.32	 49.89192439
124.68	 49.90342368
125.05	 49.91427731
125.41	 49.92448503
125.77	 49.93404663
126.13	 49.94296191
126.49	 49.95123065
126.85	 49.95885270
127.21	 49.96582788
127.57	 49.97215605
127.93	 49.97783707
128.29	 49.98287080
128.65	 49.98725716
129.01	 49.99099604
129.37	 49.99408735
129.73	 49.99653105
130.09	 49.99832706
130.45	 49.99947535
130.81	 49.99997591
131.17	 49.99924908
131.53	 49.99576426
131.89	 49.98944023
132.25	 49.98027761
132.61	 49.96827725
132.97	 49.95344029
133.33	 49.93576814
133.69	 49.91526247
134.05	 49.89192521
134.41	 49.86575859
134.77	 49.83676507
135.14	 49.80494740
135.50	 49.77030859
135.86	 49.73285193
136.22	 49.69258095
136.58	 49.64949946
136.94	 49.60361155
137.30	 49.55492156
137.66	 49.50343410
138.02	 49.44915404
138.38	 49.39208651
138.74	 49.33223693
139.10	 49.26961095
139.46	 49.20421451
139.82	 49.13605379
140.18	 49.06513524
140.54	 48.99146558
140.90	 48.91505178
141.26	 48.83590107
141.62	 48.75402095
141.98	 48.66941916
142.34	 48.58210371
142.70	 48.49208288
143.06	 48.39936517
143.42	 48.30395937
143.78	 48.20587450
144.14	 48.10511985
144.50	 48.00170496
144.86	 47.89563961
145.23	 47.78693384
145.59	 47.67559795
145.95	 47.56164247
146.31	 47.44507819
146.67	 47.32591614
147.03	 47.20416760
147.39	 47.07984409
147.75	 46.95295739
148.11	 46.82351949
148.47	 46.69154267
148.83	 46.55703939
149.19	 46.42002241
149.55	 46.28050467
149.91	 46.13849941
150.27	 45.99402004
150.63	 45.84708025
150.99	 45.69769395
151.35	 45.54587528
151.71	 45.39163860
152.07	 45.23499852
152.43	 45.07596987
152.79	 44.91456768
153.15	 44.75080725
153.51	 44.58470408
153.87	 44.41627387
154.23	 44.24553259
154.59	 44.07249638
154.95	 43.89718163
155.32	 43.71960494
155.68	 43.53978310
156.04	 43.35773314
156.40	 43.17347230
156.76	 42.98701800
157.12	 42.79838791
157.48	 42.60759988
157.84	 42.41467196
158.20	 42.21962241
158.56	 42.02246971
158.92	 41.82323250
159.28	 41.62192965
159.64	 41.41858021
160.00	 41.21320344
160.36	 41.00581876
160.72	 40.79644581
161.08	 40.58510440
161.44	 40.37181455
161.80	 40.15659643
162.16	 39.93947043
162.52	 39.72045709
162.88	 39.49957714
163.24	 39.27685149
163.60	 39.05230122
163.96	 38.82594758
164.32	 38.59781201
164.68	 38.36791609
165.05	 38.13628159
165.41	 37.90293043
165.77	 37.66788469
166.13	 37.43116663
166.49	 37.19279865
166.85	 36.95280332
167.21	 36.71120334
167.57	 36.46802160
167.93	 36.22328110
168.29	 35.97700501
168.65	 35.72921664
169.01	 35.47993945
169.37	 35.22919704
169.73	 34.97701313
170.09	 34.72341159
170.45	 34.46841643
170.81	 34.21205179
171.17	 33.95434193
171.53	 33.69531125
171.89	 33.43498425
172.25	 33.17338560
172.61	 32.91054003
172.97	 32.64647244
173.33	 32.38120782
173.69	 32.11477128
174.05	 31.84718803
174.41	 31.57848340
174.77	 31.30868284
175.14	 31.03781187
175.50	 30.76589613
175.86	 30.49296136
176.22	 30.21903340
176.58	 29.94413818
176.94	 29.66830171
177.30	 29.39155010
177.66	 29.11390955
178.02	 28.83540633
178.38	 28.55606682
178.74	 28.27591745
179.10	 27.99498473
179.46	 27.71329526
179.82	 27.43087570
180.18	 27.14775278
180.54	 26.86395331
180.90	 26.57950413
181.26	 26.29443219
181.62	 26.00876446
181.98	 25.72252797
182.34	 25.43574984
182.70	 25.14845718
183.06	 24.86067721
183.42	 24.57243716
183.78	 24.28376432
184.14	 23.99468600
184.50	 23.70522957
184.86	 23.41542243
185.23	 23.12529201
185.59	 22.83486576
185.95	 22.54417119
186.31	 22.25323580
186.67	 21.96208714
187.03	 21.67075276
187.39	 21.37926024
187.75	 21.08763716
188.11	 20.79591114
188.47	 20.50410978
188.83	 20.21226071
189.19	 19.92039154
189.55	 19.62852991
189.91	 19.33670344
190.27	 19.04493975
190.63	 18.75326647
190.99	 18.46171119
191.35	 18.17030151
191.71	 17.87906502
192.07	 17.58802929
192.43	 17.29722186
192.79	 17.00667025
193.15	 16.71640197
193.51	 16.42644450
193.87	 16.13682527
194.23	 15.84757171
194.59	 15.55871119
194.95	 15.27027105
195.32	 14.98227860
195.68	 14.69476109
196.04	 14.40774574
196.40	 14.12125971
196.76	 13.83533013
197.12	 13.54998406
197.48	 13.26524850
197.84	 12.98115040
198.20	 12.69771667
198.56	 12.41497412
198.92	 12.13294952
199.28	 11.85166956
199.64	 11.57116087
200.00	 11.29144999
200.36	 11.01256341
200.72	 10.73452752
201.08	 10.45736864
201.44	 10.18111300
201.80	  9.90578676
202.16	  9.63141596
202.52	  9.35802658
202.88	  9.08564451
203.24	  8.81429551
203.60	  8.54400528
203.96	  8.27479940
204.32	  8.00670334
204.68	  7.73974249
205.05	  7.47394212
205.41	  7.20932738
205.77	  6.94592332
206.13	  6.68375487
206.49	  6.42284685
206.85	  6.16322396
207.21	  5.90491076
207.57	  5.64793170
207.93	  5.39231112
208.29	  5.13807321
208.65	  4.88524203
209.01	  4.63384151
209.37	  4.38389545
209.73	  4.13542750
210.09	  3.88846119
210.45	  3.64301990
210.81	  3.39912684
211.17	  3.15680511
211.53	  2.91607765
211.89	  2.67696724
212.25	  2.43949652
212.61	  2.20368795
212.97	  1.96956386
213.33	  1.73714642
213.69	  1.50645762
214.05	  1.27751929
214.41	  1.05035311
214.77	  0.82498057
215.14	  0.60142302
215.50	  0.37970161
215.86	  0.15983732
216.22	 -0.05814903
216.58	 -0.27423681
216.94	 -0.48840556
217.30	 -0.70063501
217.66	 -0.91090509
218.02	 -1.11919587
218.38	 -1.32548765
218.74	 -1.52976090
219.10	 -1.73199629
219.46	 -1.93217467
219.82	 -2.13027710
220.18	 -2.32628482
220.54	 -2.52017928
220.90	 -2.71194213
221.26	 -2.90155523
221.62	 -3.08900061
221.98	 -3.27426054
222.34	 -3.45731748
222.70	 -3.63815411
223.06	 -3.81675331
223.42	 -3.99309817
223.78	 -4.16717201
224.14	 -4.33895834
224.50	 -4.50844091
224.86	 -4.67560367
225.23	 -4.84043080
225.59	 -5.00290670
225.95	 -5.16301599
226.31	 -5.32074352
226.67	 -5.47607436
227.03	 -5.62899380
227.39	 -5.77948736
227.75	 -5.92754082
228.11	 -6.07314014
228.47	 -6.21627155
228.83	 -6.35692151
229.19	 -6.49507669
229.55	 -6.63072403
229.91	 -6.76385068
230.27	 -6.89444404
230.63	 -7.02249175
230.99	 -7.14798169
231.35	 -7.27090198
231.71	 -7.39124099
232.07	 -7.50898733
232.43	 -7.62412985
232.79	 -7.73665765
233.15	 -7.84656009
233.51	 -7.95382675
233.87	 -8.05844749
234.23	 -8.16041241
234.59	 -8.25971184
234.95	 -8.35633640
235.32	 -8.45027694
235.68	 -8.54152456
236.04	 -8.63007063
236.40	 -8.71590677
236.76	 -8.79902485
237.12	 -8.87941701
237.48	 -8.95707563
237.84	 -9.03199337
238.20	 -9.10416314
238.56	 -9.17357809
238.92	 -9.24023167
239.28	 -9.30411756
239.64	 -9.36522972
240.00	 -9.42356236
240.36	 -9.47910996
240.72	 -9.53186727
241.08	 -9.58182928
241.44	 -9.62899128
241.80	 -9.67334879
242.16	 -9.71489762
242.52	 -9.75363384
242.88	 -9.78955377
243.24	 -9.82265402
243.60	 -9.85293146
243.96	 -9.88038321
244.32	 -9.90500669
244.68	 -9.92679956
245.05	 -9.94575976
245.41	 -9.96188548
245.77	 -9.97517522
246.13	 -9.98562771
246.49	 -9.99324195
246.85	 -9.99801723
247.21	 -9.99995310
247.57	 -9.99978315
247.93	 -9.99892925
248.29	 -9.99742762
248.65	 -9.99527829
249.01	 -9.99248130
249.37	 -9.98903673
249.73	 -9.98494464
250.09	 -9.98020512
250.45	 -9.97481828
250.81	 -9.96878422
251.17	 -9.96210309
251.53	 -9.95477501
251.89	 -9.94680017
252.25	 -9.93817871
252.61	 -9.92891084
252.97	 -9.91899675
253.33	 -9.90843666
253.69	 -9.89723079
254.05	 -9.88537938
254.41	 -9.87288270
254.77	 -9.85974100
255.14	 -9.84595458
255.50	 -9.83152374
255.86	 -9.81644877
256.22	 -9.80073002
256.58	 -9.78436781
256.94	 -9.76736251
257.30	 -9.74971448
257.66	 -9.73142410
258.02	 -9.71249176
258.38	 -9.69291788
258.74	 -9.67270287
259.10	 -9.65184718
259.46	 -9.63035125
259.82	 -9.60821555
260.18	 -9.58544055
260.54	 -9.56202675
260.90	 -9.53797465
261.26	 -9.51328478
261.62	 -9.48795766
261.98	 -9.46199385
262.34	 -9.43539389
262.70	 -9.40815838
263.06	 -9.38028789
263.42	 -9.35178302
263.78	 -9.32264440
264.14	 -9.29287265
264.50	 -9.26246842
264.86	 -9.23143235
265.23	 -9.19976513
265.59	 -9.16746743
265.95	 -9.13453996
266.31	 -9.10098341
266.67	 -9.06679853
267.03	 -9.03198604
267.39	 -8.99654669
267.75	 -8.96048127
268.11	 -8.92379053
268.47	 -8.88647527
268.83	 -8.84853631
269.19	 -8.80997445
269.55	 -8.77079054
269.91	 -8.73098541
270.27	 -8.69055992
270.63	 -8.64951496
270.99	 -8.60785141
271.35	 -8.56557015
271.71	 -8.52267212
272.07	 -8.47915823
272.43	 -8.43502943
272.79	 -8.39028666
273.15	 -8.34493089
273.51	 -8.29896311
273.87	 -8.25238430
274.23	 -8.20519548
274.59	 -8.15739765
274.95	 -8.10899185
275.32	 -8.05997913
275.68	 -8.01036054
276.04	 -7.96013717
276.40	 -7.90931008
276.76	 -7.85788038
277.12	 -7.80584917
277.48	 -7.75321759
277.84	 -7.69998677
278.20	 -7.64615786
278.56	 -7.59173201
278.92	 -7.53671041
279.28	 -7.48109425
279.64	 -7.42488472
280.00	 -7.36808303
280.36	 -7.31069042
280.72	 -7.25270813
281.08	 -7.19413739
281.44	 -7.13497949
281.80	 -7.07523570
282.16	 -7.01490730
282.52	 -6.95399560
282.88	 -6.89250192
283.24	 -6.83042758
283.60	 -6.76777392
283.96	 -6.70454230
284.32	 -6.64073408
284.68	 -6.57635064
285.05	 -6.51139337
285.41	 -6.44586367
285.77	 -6.37976296
286.13	 -6.31309266
286.49	 -6.24585421
286.85	 -6.17804907
287.21	 -6.10967870
287.57	 -6.04074457
287.93	 -5.97124818
288.29	 -5.90119102
288.65	 -5.83057460
289.01	 -5.75940046
289.37	 -5.68767013
289.73	 -5.61538516
290.09	 -5.54254710
290.45	 -5.46915753
290.81	 -5.39521804
291.17	 -5.32073022
291.53	 -5.24569568
291.89	 -5.17011604
292.25	 -5.09399294
292.61	 -5.01732801
292.97	 -4.94012291
293.33	 -4.86237930
293.69	 -4.78409888
294.05	 -4.70528332
294.41	 -4.62593433
294.77	 -4.54605362
295.14	 -4.46564292
295.50	 -4.38470397
295.86	 -4.30323850
296.22	 -4.22124828
296.58	 -4.13873508
296.94	 -4.05570069
297.30	 -3.97214689
297.66	 -3.88807548
298.02	 -3.80348829
298.38	 -3.71838714
298.74	 -3.63277387
299.10	 -3.54665033
299.46	 -3.46001837
299.82	 -3.37287986
300.18	 -3.28523670
300.54	 -3.19709076
300.90	 -3.10844396
301.26	 -3.01929820
301.62	 -2.92965542
301.98	 -2.83951754
302.34	 -2.74888652
302.70	 -2.65776431
303.06	 -2.56615288
303.42	 -2.47405420
303.78	 -2.38147027
304.14	 -2.28840308
304.50	 -2.19485465
304.86	 -2.10082699
305.23	 -2.00632213
305.59	 -1.91134212
305.95	 -1.81588900
306.31	 -1.71996484
306.67	 -1.62357171
307.03	 -1.52671168
307.39	 -1.42938685
307.75	 -1.33159933
308.11	 -1.23335122
308.47	 -1.13464464
308.83	 -1.03548172
309.19	 -0.93586462
309.55	 -0.83579547
309.91	 -0.73527643
310.27	 -0.63430969
310.63	 -0.53289741
310.99	 -0.43104180
311.35	 -0.32874504
311.71	 -0.22600934
312.07	 -0.12283693
312.43	 -0.01923003
312.79	  0.08480912
313.15	  0.18927827
313.51	  0.29417517
313.87	  0.39949756
314.23	  0.50524316
314.59	  0.61140968
314.95	  0.71799484
315.32	  0.82499633
315.68	  0.93241184
316.04	  1.04023906
316.40	  1.14847565
316.76	  1.25711928
317.12	  1.36616760
317.48	  1.47561826
317.84	  1.58546890
318.20	  1.69571713
318.56	  1.80636059
318.92	  1.91739689
319.28	  2.02882362
319.64	  2.14063837
320.00	  2.25283875
320.36	  2.36542232
320.72	  2.47838664
321.08	  2.59172930
321.44	  2.70544782
321.80	  2.81953977
322.16	  2.93400268
322.52	  3.04883407
322.88	  3.16403146
323.24	  3.27959238
323.60	  3.39551432
323.96	  3.51179478
324.32	  3.62843125
324.68	  3.74542121
325.05	  3.86276213
325.41	  3.98045149
325.77	  4.09848674
326.13	  4.21686533
326.49	  4.33558471
326.85	  4.45464231
327.21	  4.57403556
327.57	  4.69376189
327.93	  4.81381870
328.29	  4.93420341
328.65	  5.05491342
329.01	  5.17594612
329.37	  5.29729890
329.73	  5.41896914
330.09	  5.54095420
330.45	  5.66325147
330.81	  5.78585829
331.17	  5.90877201
331.53	  6.03199000
331.89	  6.15550957
332.25	  6.27932808
332.61	  6.40344284
332.97	  6.52785117
333.33	  6.65255039
333.69	  6.77753781
334.05	  6.90281072
334.41	  7.02836642
334.77	  7.15420221
335.14	  7.28031535
335.50	  7.40670314
335.86	  7.53336284
336.22	  7.66029172
336.58	  7.78748704
336.94	  7.91494604
337.30	  8.04266598
337.66	  8.17064411
338.02	  8.29887765
338.38	  8.42736383
338.74	  8.55609990
339.10	  8.68508305
339.46	  8.81431052
339.82	  8.94377950
340.18	  9.07348721
340.54	  9.20343084
340.90	  9.33360759
341.26	  9.46401464
341.62	  9.59464919
341.98	  9.72550840
342.34	  9.85658946
342.70	  9.98788954
343.06	 10.11940579
343.42	 10.25113539
343.78	 10.38307548
344.14	 10.51522321
344.50	 10.64757574
344.86	 10.78013021
345.23	 10.91288374
345.59	 11.04583349
345.95	 11.17897657
346.31	 11.31231011
346.67	 11.44583124
347.03	 11.57953707
347.39	 11.71342471
347.75	 11.84749127
348.11	 11.98173385
348.47	 12.11614957
348.83	 12.25073551
349.19	 12.38548878
349.55	 12.52040645
349.91	 12.65548563
350.27	 12.79072338
350.63	 12.92611679
350.99	 13.06166295
351.35	 13.19735891
351.71	 13.33320176
352.07	 13.46918855
352.43	 13.60531635
352.79	 13.74158223
353.15	 13.87798324
353.51	 14.01451643
353.87	 14.15117886
354.23	 14.28796758
354.59	 14.42487963
354.95	 14.56191206
355.32	 14.69906190
355.68	 14.83632620
356.04	 14.97370200
356.40	 15.11118632
356.76	 15.24877620
357.12	 15.38646867
357.48	 15.52426075
357.84	 15.66214947
358.20	 15.80013185
358.56	 15.93820492
358.92	 16.07636569
359.28	 16.21461117
359.64	 16.35293839
360.00	 16.49134435
