#t	dod	  0.00000000000000	  0.00000000000000
  0.01111625752663	  0.24359033590178
  0.02223251505327	  0.48745717972347
  0.03334877257990	  0.72972123455934
  0.04446503010653	  0.97237479759730
  0.05558128763316	  1.21489163780502
  0.06669754515980	  1.45838808428814
  0.07781380268643	  1.70290741414086
  0.08893006021306	  1.94919213445557
  0.10004631773969	  1.90058183542602
  0.11116257526633	  1.85384399235611
  0.12227883279296	  1.81047975000391
  0.13339509031959	  1.77026894070476
  0.14451134784623	  1.73410783932296
  0.15562760537286	  1.70215064037667
  0.16674386289949	  1.67502572319859
  0.17786012042612	  1.65303601437115
  0.18897637795276	  1.63668287147009
  0.20009263547939	  1.82865600311459
  0.21120889300602	  2.02799927678732
  0.22232515053265	  2.23347816221549
  0.23344140805929	  2.44650519977543
  0.24455766558592	  2.66674273237223
  0.25567392311255	  2.89497211662649
  0.26679018063918	  3.13121700645995
  0.27790643816582	  3.37597068450559
  0.28902269569245	  3.62939032157893
  0.30013895321908	  3.89182492815039
  0.31125521074572	  4.16346715018925
  0.32237146827235	  4.44458166565562
  0.33348772579898	  4.73535361413383
  0.34460398332561	  5.03598794576761
  0.35572024085225	  5.34664291264567
  0.36683649837888	  5.46672169705621
  0.37795275590551	  5.59666239538948
  0.38906901343214	  5.73731447923906
  0.40018527095878	  5.88828730695240
  0.41130152848541	  6.07002995810390
  0.42241778601204	  6.25174851142906
  0.43353404353868	  6.43348313385241
  0.44465030106531	  6.61520703110632
  0.45576655859194	  6.79693810682584
  0.46688281611857	  6.97866437855299
  0.47799907364521	  7.16039387902832
  0.48911533117184	  7.34212121465060
  0.50023158869847	  7.52385001276438
  0.51134784622510	  7.70557783007038
  0.52246410375174	  7.88730631486400
  0.53358036127837	  8.06903435351145
  0.54469661880500	  8.25076269952600
  0.55581287633164	  8.43249084234298
  0.56692913385827	  8.61421912839595
  0.57804539138490	  8.79594732231359
  0.58916164891153	  8.97767558422379
  0.60027790643817	  9.15940380506154
  0.61139416396480	  9.34113205920841
  0.62251042149143	  9.52286029588713
  0.63362667901806	  9.70458854980682
  0.64474293654470	  9.88631679722539
  0.65585919407133	 10.06804505440712
  0.66697545159796	 10.24977331020803
  0.67809170912459	 10.43150157227856
  0.68920796665123	 10.61322983537033
  0.70032422417786	 10.79495810309479
  0.71144048170449	 10.97668637297314
  0.72255673923113	 11.15841464671607
  0.73367299675776	 11.34014292315038
  0.74478925428439	 11.52187120308929
  0.75590551181102	 11.70359948597698
  0.76702176933766	 11.88532777220171
  0.77813802686429	 12.06705606150035
  0.78925428439092	 12.24878435405947
  0.80037054191755	 12.43051264975506
  0.81148679944419	 12.61224094867769
  0.82260305697082	 12.79396925076963
  0.83371931449745	 12.97569755607569
  0.84483557202409	 13.15742586456976
  0.85595182955072	 13.33915417627482
  0.86706808707735	 13.52088249117986
  0.87818434460398	 13.70261080929742
  0.88930060213062	 13.88433913062375
  0.90041685965725	 14.06606745516637
  0.91153311718388	 14.24779578292499
  0.92264937471051	 14.42952411390476
  0.93376563223715	 14.61125244810705
  0.94488188976378	 14.79298078553587
  0.95599814729041	 14.97470912619340
  0.96711440481704	 15.15643747008309
  0.97823066234368	 15.33816581720752
  0.98934691987031	 15.51989416756988
  1.00046317739694	 15.70162252117295
  1.01157943492358	 15.88335087801978
  1.02269569245021	 16.06507923811325
  1.03381194997684	 16.24680760145636
  1.04492820750347	 16.42853596805204
  1.05604446503011	 16.61026433790328
  1.06716072255674	 16.79199271101303
  1.07827698008337	 16.97372108738426
  1.08939323761000	 17.15544946701994
  1.10050949513664	 17.33717784992306
  1.11162575266327	 17.51890623609659
  1.12274201018990	 17.70063462554351
  1.13385826771654	 17.88236301826683
  1.14497452524317	 18.06409141426952
  1.15609078276980	 18.24581981355456
  1.16720704029643	 18.42754821612501
  1.17832329782307	 18.60927662198382
  1.18943955534970	 18.79100503113400
  1.20055581287633	 18.97273344357855
  1.21167207040296	 19.15446185932050
  1.22278832792960	 19.33619027836286
  1.23390458545623	 19.51791870070868
  1.24502084298286	 19.69964712636096
  1.25613710050950	 19.88137555532274
  1.26725335803613	 20.02857125617647
  1.27836961556276	 20.16585234200369
  1.28948587308939	 20.29341698946990
  1.30060213061603	 20.41129779719015
  1.31171838814266	 20.51966576611044
  1.32283464566929	 20.61863099046883
  1.33395090319592	 20.70837302011031
  1.34506716072256	 20.78905490415535
  1.35618341824919	 20.86087928921953
  1.36729967577582	 20.92405101525176
  1.37841593330245	 20.97880126290056
  1.38953219082909	 21.02537103770780
  1.40064844835572	 21.06402147552147
  1.41176470588235	 21.09502634556368
  1.42288096340899	 21.11867630499054
  1.43399722093562	 21.13527530081441
  1.44511347846225	 21.14514214494007
  1.45622973598888	 21.14860859416905
  1.46734599351552	 21.14502742772467
  1.47846225104215	 21.13571177560362
  1.48957850856878	 21.12103589355613
  1.50069476609541	 21.10137898063730
  1.51181102362205	 21.07713495033084
  1.52292728114868	 21.04870488514997
  1.53404353867531	 21.01650079420065
  1.54515979620195	 20.98094191187778
  1.55627605372858	 20.94245585692682
  1.56739231125521	 20.90147655445953
  1.57850856878184	 20.85844425444232
  1.58962482630848	 20.81380413196444
  1.60074108383511	 20.76800579285023
  1.61185734136174	 20.72150215027093
  1.62297359888837	 20.67474869161081
  1.63408985641501	 20.62820246214033
  1.64520611394164	 20.58232121617063
  1.65632237146827	 20.53756243886966
  1.66743862899491	 20.49438244002700
  1.67855488652154	 20.45323538881535
  1.68967114404817	 20.41457238078327
  1.70078740157480	 20.37884047967508
  1.71190365910144	 20.34648177645065
  1.72301991662807	 20.31793244095611
  1.73413617415470	 20.29362178678671
  1.74525243168133	 20.27397133957055
  1.75636868920797	 20.25939391939999
  1.76748494673460	 20.25029273431913
  1.77860120426123	 20.24706049114116
  1.78971746178786	 20.25105203235141
  1.80083371931450	 20.26162671161826
  1.81194997684113	 20.27913534489221
  1.82306623436776	 20.30392142231638
  1.83418249189440	 20.33630991539513
  1.84529874942103	 20.37661336561455
  1.85641500694766	 20.42512670466423
  1.86753126447429	 20.48212951811401
  1.87864752200093	 20.54788347722667
  1.88976377952756	 20.62263300882469
  1.90088003705419	 20.70660389536298
  1.91199629458082	 20.80000330665421
  1.92311255210746	 20.90301895455312
  1.93422880963409	 21.01581889966171
  1.94534506716072	 21.13855099977969
  1.95646132468736	 21.27134267241194
  1.96757758221399	 21.41430052592604
  1.97869383974062	 21.56751016071228
  1.98981009726725	 21.74920319443852
  2.00092635479389	 21.93095481801029
  2.01204261232052	 22.11266814125475
  2.02315886984715	 22.29440653793208
  2.03427512737378	 22.47612850569386
  2.04539138490042	 22.65786126129979
  2.05650764242705	 22.83958693203327
  2.06762389995368	 23.02131727158368
  2.07874015748031	 23.20304453904740
  2.08985641500695	 23.38477384028389
  2.10097267253358	 23.56650180231660
  2.11208893006021	 23.74823065688982
  2.12320518758685	 23.92995892500830
  2.13432144511348	 24.11168758841365
  2.14543770264011	 24.29341599437839
  2.15655396016674	 24.47514457760336
  2.16767021769338	 24.65687304811857
  2.17878647522001	 24.83860159967886
  2.18990273274664	 25.02033010261481
  2.20101899027327	 25.20205864385762
  2.21213524779991	 25.38378716504240
  2.22325150532654	 25.56551570542631
  2.23436776285317	 25.74724423857181
  2.24548402037981	 25.92897278231935
  2.25660027790644	 26.11070132462057
  2.26771653543307	 26.29242987363291
  2.27883279295970	 26.47415842383446
  2.28994905048634	 26.65588697897739
  2.30106530801297	 26.83761553651745
  2.31218156553960	 27.01934409819092
  2.32329782306623	 27.20107266282063
  2.33441408059287	 27.38280123121463
  2.34553033811950	 27.56452980282651
  2.35664659564613	 27.74625837803516
  2.36776285317277	 27.92798695658675
  2.37887911069940	 28.10971553866045
  2.38999536822603	 28.29144412413894
  2.40111162575266	 28.47317271310807
  2.41222788327930	 28.65490130551438
  2.42334414080593	 28.83662990139993
  2.43446039833256	 29.01835850074124
  2.44557665585919	 29.20008710356002
  2.45669291338583	 29.38181570984655
  2.46780917091246	 29.56354431961308
  2.47892542843909	 29.74527293285678
  2.49004168596572	 29.92700154958482
  2.50115794349236	 30.10873016979788
  2.51227420101899	 30.29045879350132
  2.52339045854562	 30.47218742069673
  2.53450671607226	 30.65391605138807
  2.54562297359889	 30.83564468557861
  2.55673923112552	 31.01737332327166
  2.56785548865215	 31.19910196447023
  2.57897174617879	 31.38083060917774
  2.59008800370542	 31.56255925739747
  2.60120426123205	 31.74428790913279
  2.61232051875868	 31.92601656438663
  2.62343677628532	 32.10774522316285
  2.63455303381195	 32.28947388546393
  2.64566929133858	 32.47120255129403
  2.65678554886522	 32.65293122065588
  2.66790180639185	 32.83465989355308
  2.67901806391848	 33.01638856998868
  2.69013432144511	 33.19811724996619
  2.70125057897175	 33.37984593348929
  2.71236683649838	 33.56157462056094
  2.72348309402501	 33.74330331118475
  2.73459935155164	 33.92503200536363
  2.74571560907828	 34.10676070310112
  2.75683186660491	 34.28848940440009
  2.76794812413154	 34.47021810926432
  2.77906438165817	 34.65194681769688
  2.79018063918481	 34.83367552970185
  2.80129689671144	 35.01540424528164
  2.81241315423807	 35.19713296444061
  2.82352941176471	 35.37886168718165
  2.83464566929134	 35.53514021140830
  2.84576192681797	 35.68172329030258
  2.85687818434460	 35.81876097256273
  2.86799444187124	 35.94628801930088
  2.87911069939787	 36.06444406513214
  2.89022695692450	 36.17332925650093
  2.90134321445113	 36.27309862608004
  2.91245947197777	 36.36389982239773
  2.92357572950440	 36.44591368275699
  2.93469198703103	 36.51932710820456
  2.94580824455767	 36.58435048598844
  2.95692450208430	 36.64120567277620
  2.96804075961093	 36.69013338125183
  2.97915701713756	 36.73138767642311
  2.99027327466420	 36.76523896742968
  3.00138953219083	 36.79197131017636
  3.01250578971746	 36.81188344484033
  3.02362204724409	 36.82528729749144
  3.03473830477073	 36.83250812581170
  3.04585456229736	 36.83388351972786
  3.05697081982399	 36.82925307376145
  3.06808707735063	 36.81946937218669
  3.07920333487726	 36.80490665444286
  3.09031959240389	 36.78594594604797
  3.10143584993052	 36.76297997464563
  3.11255210745716	 36.73640878907453
  3.12366836498379	 36.70664142718142
  3.13478462251042	 36.67409357698596
  3.14590088003705	 36.63918783211683
  3.15701713756369	 36.60235220543358
  3.16813339509032	 36.56401975688303
  3.17924965261695	 36.52462745540333
  3.19036591014358	 36.48461551863648
  3.20148216767022	 36.44442641077720
  3.21259842519685	 36.40450404424043
  3.22371468272348	 36.36529282618788
  3.23483094025012	 36.32723679156138
  3.24594719777675	 36.29077866509737
  3.25706345530338	 36.25635896074790
  3.26817971283001	 36.22441504965582
  3.27929597035665	 36.19538024638357
  3.29041222788328	 36.16968288385861
  3.30152848540991	 36.14774540069289
  3.31264474293654	 36.12998342889117
  3.32376100046318	 36.11680489399117
  3.33487725798981	 36.10860912353797
  3.34599351551644	 36.10578597070662
  3.35710977304308	 36.10922042579735
  3.36822603056971	 36.11875725747542
  3.37934228809634	 36.13475017333273
  3.39045854562297	 36.15754372142707
  3.40157480314961	 36.18746679840577
  3.41269106067624	 36.22483565532058
  3.42380731820287	 36.26995072989651
  3.43492357572950	 36.32309757586138
  3.44603983325614	 36.38454515450631
  3.45715609078277	 36.45454591665286
  3.46827234830940	 36.53333476448532
  3.47938860583603	 36.62112881427144
  3.49050486336267	 36.71812669489644
  3.50162112088930	 36.82450822116935
  3.51273737841593	 36.94043388886855
  3.52385363594257	 37.06604456056869
  3.53496989346920	 37.20146109914050
  3.54608615099583	 37.34678411252119
  3.55720240852246	 37.50209370229633
  3.56831866604910	 37.68378810418882
  3.57943492357573	 37.86553933381387
  3.59055118110236	 38.04725342344007
  3.60166743862899	 38.22899182255976
  3.61278369615563	 38.41071429727103
  3.62389995368226	 38.59244722705179
  3.63501621120889	 38.77417329256544
  3.64613246873553	 38.95590388125201
  3.65724872626216	 39.13763149493800
  3.66836498378879	 39.31936107838617
  3.67948124131542	 39.50108936569168
  3.69059749884206	 39.68281851732991
  3.70171375636869	 39.86454710181456
  3.71283001389532	 40.04627606917149
  3.72394627142195	 40.22800478787764
  3.73506252894859	 40.40973367843721
  3.74617878647522	 40.59146246040094
  3.75729504400185	 40.77319132112896
  3.76841130152849	 40.95492013525433
  3.77952755905512	 41.13664898681103
  3.79064381658175	 41.31837781938849
  3.80176007410838	 41.50010667092508
  3.81287633163502	 41.68183551587556
  3.82399258916165	 41.86356437147668
  3.83510884668828	 42.04529322609044
  3.84622510421491	 42.22702208759677
  3.85734136174155	 42.40875095066102
  3.86845761926818	 42.59047981890948
  3.87957387679481	 42.77220868988515
  3.89069013432144	 42.95393756526573
  3.90180639184808	 43.13566644391478
  3.91292264937471	 43.31739532661187
  3.92403890690134	 43.49912421283005
  3.93515516442798	 43.68085310293711
  3.94627142195461	 43.86258199668782
  3.95738767948124	 44.04431089425567
  3.96850393700787	 44.22603979552746
  3.97962019453451	 44.40776870058630
  3.99073645206114	 44.58949760938084
  4.00185270958777	 44.77122652195330
  4.01296896711441	 44.95295543828080
  4.02408522464104	 45.13468435838625
  4.03520148216767	 45.31641328226008
  4.04631773969430	 45.49814220991246
  4.05743399722094	 45.67987114134367
  4.06855025474757	 45.86160007656180
  4.07966651227420	 46.04332901556464
  4.09078276980083	 46.22505795836010
  4.10189902732747	 46.40678690495065
  4.11301528485410	 46.58851585533736
  4.12413154238073	 46.77024480952913
  4.13524779990736	 46.95197376752564
  4.14636405743400	 47.13370272933208
  4.15748031496063	 47.31543169495212
  4.16859657248726	 47.49716066438835
  4.17971283001390	 47.67888963764428
  4.19082908754053	 47.86061861472523
  4.20194534506716	 48.04234759563479
  4.21306160259379	 48.22407658037681
  4.22417786012043	 48.40580556895590
  4.23529411764706	 48.58753456137244
  4.24641037517369	 48.76926355763297
  4.25752663270032	 48.95099255774149
  4.26864289022696	 49.13272156169810
  4.27975914775359	 49.31445056951033
  4.29087540528022	 49.49617958117789
  4.30199166280685	 49.67790859670962
  4.31310792033349	 49.85963761610770
  4.32422417786012	 50.04136663937383
  4.33534043538675	 50.22309566651509
  4.34645669291339	 50.40482469753256
  4.35757295044002	 50.58655373243125
  4.36868920796665	 50.76828277121434
  4.37980546549328	 50.95001181388592
  4.39092172301992	 51.13174086044985
  4.40203798054655	 51.31346991091006
  4.41315423807318	 51.46902263354431
  4.42427049559982	 51.61514891849149
  4.43538675312645	 51.75200806564404
  4.44650301065308	 51.87962942983106
  4.45761926817971	 51.99815596866571
  4.46873552570635	 52.10768460346977
  4.47985178323298	 52.20837058681563
  4.49096804075961	 52.30035868853506
  4.50208429828624	 52.38382806375075
  4.51320055581288	 52.45896231081743
  4.52431681333951	 52.52596875272434
  4.53543307086614	 52.58506520247303
  4.54654932839277	 52.63648816174863
  4.55766558591941	 52.68048679013611
  4.56878184344604	 52.71732625696431
  4.57989810097267	 52.74728481755972
  4.59101435849931	 52.77065501487249
  4.60213061602594	 52.78774208684677
  4.61324687355257	 52.79886419210403
  4.62436313107920	 52.80435137372398
  4.63547938860584	 52.80454532387274
  4.64659564613247	 52.79981380191479
  4.65771190365910	 52.79050232476671
  4.66882816118573	 52.77698295012681
  4.67994441871237	 52.75963697291357
  4.69106067623900	 52.73885399231456
  4.70217693376563	 52.71503134975770
  4.71329319129226	 52.68857328458313
  4.72440944881890	 52.65989023992549
  4.73552570634553	 52.62939803523857
  4.74664196387216	 52.59751709517547
  4.75775822139880	 52.56467161149685
  4.76887447892543	 52.53128872233257
  4.77999073645206	 52.49779765540905
  4.79110699397869	 52.46462887358838
  4.80222325150533	 52.43221320010549
  4.81333950903196	 52.40098094170033
  4.82445576655859	 52.37136100069972
  4.83557202408522	 52.34377998539763
  4.84668828161186	 52.31866131592868
  4.85780453913849	 52.29642433109712
  4.86892079666512	 52.27748339615532
  4.88003705419176	 52.26224701528655
  4.89115331171839	 52.25111695008209
  4.90226956924502	 52.24448734701460
  4.91338582677165	 52.24274387579706
  4.92450208429829	 52.24626305627127
  4.93561834182492	 52.25540926232177
  4.94673459935155	 52.27053814785758
  4.95785085687818	 52.29199374813330
  4.96896711440482	 52.32010770039349
  4.98008337193145	 52.35519851268995
  4.99119962945808	 52.39757084095950
  5.00231588698471	 52.44751480559261
  5.01343214451135	 52.50530533052660
  5.02454840203798	 52.57120151919869
  5.03566465956461	 52.64544606108230
  5.04678091709125	 52.72826467598168
  5.05789717461788	 52.81986559423824
  5.06901343214451	 52.92043907679444
  5.08012968967114	 53.03015697505374
  5.09124594719778	 53.14917233294313
  5.10236220472441	 53.27761903174422
  5.11347846225104	 53.41561147926534
  5.12459471977767	 53.56324434403638
  5.13571097730431	 53.72059233558386
  5.14682723483094	 53.90228817675487
  5.15794349235757	 54.08403901977303
  5.16905974988421	 54.26575392511971
  5.18017600741084	 54.44749234844479
  5.19129226493747	 54.62921537011374
  5.20240852246410	 54.81094850211618
  5.21352477999074	 54.99267499842902
  5.22464103751737	 55.17440586707276
  5.23575729504400	 55.35613386132026
  5.24687355257063	 55.53786375905665
  5.25798981009727	 55.71959240528464
  5.26910606762390	 55.90132188666929
  5.28022232515053	 56.08305082092174
  5.29133858267717	 56.26478012522709
  5.30245484020380	 56.44650919001898
  5.31357109773043	 56.62823842110248
  5.32468735525706	 56.80996754788613
  5.33580361278370	 56.99169675110719
  5.34691987031033	 57.17342590985790
  5.35803612783696	 57.35515510516991
  5.36915238536359	 57.53688428265941
  5.38026864289023	 57.71861347889332
  5.39138490041686	 57.90034266925637
  5.40250115794349	 58.08207187036061
  5.41361741547012	 58.26380107099701
  5.42473367299676	 58.44553027874536
  5.43584993052339	 58.62725948847708
  5.44696618805002	 58.80898870368873
  5.45808244557666	 58.99071792200134
  5.46919870310329	 59.17244714504618
  5.48031496062992	 59.35417637172021
  5.49143121815655	 59.53590560278450
  5.50254747568319	 59.71763483772731
  5.51366373320982	 59.89936407689756
  5.52477999073645	 60.08109332007243
  5.53589624826308	 60.26282256740934
  5.54701250578972	 60.44455181880232
  5.55812876331635	 60.62628107434107
  5.56924502084298	 60.80801033397043
  5.58036127836962	 60.98973959773484
  5.59147753589625	 61.17146886561473
  5.60259379342288	 61.35319813762820
  5.61371005094951	 61.53492741376736
  5.62482630847615	 61.71665669404982
  5.63594256600278	 61.89838597846901
  5.64705882352941	 62.08011526704361
  5.65817508105604	 62.26184455976144
  5.66929133858268	 62.44357385663920
  5.68040759610931	 62.62530315767392
  5.69152385363594	 62.80703246288586
  5.70264011116257	 62.98876177226077
  5.71375636868921	 63.17049108581399
  5.72487262621584	 63.35222040355061
  5.73598888374247	 63.53394972547398
  5.74710514126911	 63.71567905158704
  5.75822139879574	 63.89740838189788
  5.76933765632237	 64.07913771641181
  5.78045391384900	 64.26086705513406
  5.79157017137564	 64.44259639806820
  5.80268642890227	 64.62432574522047
  5.81380268642890	 64.80605509659912
  5.82491894395553	 64.98778445220550
  5.83603520148217	 65.16951381204986
  5.84715145900880	 65.35124317612913
  5.85826771653543	 65.53297254446319
  5.86938397406207	 65.71470191704223
  5.88050023158870	 65.89643129387936
  5.89161648911533	 66.07816067498513
  5.90273274664196	 66.25989006035324
  5.91384900416860	 66.44161945000488
  5.92496526169523	 66.62334884393707
  5.93608151922186	 66.80507824215121
  5.94719777674849	 66.98680764466194
  5.95831403427513	 67.16853705147963
  5.96943029180176	 67.35026646259661
  5.98054654932839	 67.53199587802791
  5.99166280685503	 67.68692682482559
  6.00277906438166	 67.83270796744320
  6.01389532190829	 67.96950830635062
  6.02501157943492	 68.09735120356467
  6.03612783696156	 68.21638297290777
  6.04724409448819	 68.32669689106132
  6.05836035201482	 68.42844825679762
  6.06947660954145	 68.52177858167988
  6.08059286706809	 68.60686505041392
  6.09170912459472	 68.68388757144457
  6.10282538212135	 68.75305004545530
  6.11394163964798	 68.81456583323532
  6.12505789717462	 68.86866682295246
  6.13617415470125	 68.91559683965050
  6.14729041222788	 68.95561538305101
  6.15840666975452	 68.98899446478092
  6.16952292728115	 69.01601998666625
  6.18063918480778	 69.03699005246072
  6.19175544233441	 69.05221527337285
  6.20287169986105	 69.06201770147354
  6.21398795738768	 69.06673063797143
  6.22510421491431	 69.06673063797606
  6.23622047244094	 69.06283043365241
  6.24733672996758	 69.05491247130166
  6.25845298749421	 69.04334495186222
  6.26956924502084	 69.02850759260048
  6.28068550254748	 69.01078515392507
  6.29180176007411	 68.99057049362935
  6.30291801760074	 68.96826135299563
  6.31403427512737	 68.94426121689193
  6.32515053265401	 68.91897747060489
  6.33626679018064	 68.89282130451387
  6.34738304770727	 68.86620644296561
  6.35849930523390	 68.83954862476472
  6.36961556276054	 68.81326456714058
  6.38073182028717	 68.78777125355268
  6.39184807781380	 68.76348499249104
  6.40296433534044	 68.74082061669142
  6.41408059286707	 68.72019058087679
  6.42519685039370	 68.70200412218553
  6.43631310792033	 68.68666637746328
  6.44742936544697	 68.67457753155691
  6.45854562297360	 68.66613195072736
  6.46966188050023	 68.66171733558781
  6.48077813802686	 68.66171387426422
  6.49189439555350	 68.66600350228053
  6.50301065308013	 68.67545112881203
  6.51412691060676	 68.69041320936613
  6.52524316813339	 68.71123173782354
  6.53635942566003	 68.73823977497558
  6.54747568318666	 68.77175659638228
  6.55859194071329	 68.81208966612287
  6.56970819823993	 68.85953217901849
  6.58082445576656	 68.91436355797215
  6.59194071329319	 68.97684805474921
  6.60305697081982	 69.04723464993394
  6.61417322834646	 69.12575615001558
  6.62528948587309	 69.21262887128603
  6.63640574339972	 69.30805199501962
  6.64752200092635	 69.41220720246781
  6.65863825845299	 69.52525818867159
  6.66975451597962	 69.64735032360319
  6.68087077350625	 69.77861028408624
  6.69198703103289	 69.91914577595792
  6.70310328855952	 70.06904526835569
  6.71421954608615	 70.22837779371308
  6.72533580361278	 70.41007513505937
  6.73645206113942	 70.59182562137720
  6.74756831866605	 70.77354139283027
  6.75868457619268	 70.95527987775343
  6.76980083371931	 71.13700349256511
  6.78091709124595	 71.31873686759133
  6.79203334877258	 71.50046383936869
  6.80314960629921	 71.68219503047945
  6.81426586382585	 71.86392344957201
  6.82538212135248	 72.04565370511361
  6.83649837887911	 72.22738275468036
  6.84761463640574	 72.40911261004186
  6.85873089393238	 72.59084193882710
  6.86984715145901	 72.77257162492307
  6.88096340898564	 72.95430108102916
  6.89207966651227	 73.13603069805981
  6.90319592403891	 73.31776021541700
  6.91431218156554	 73.49948980714895
  6.92542843909217	 73.68121935685377
  6.93654469661880	 73.86294894254431
  6.94766095414544	 74.04467851188697
  6.95877721167207	 74.22640810008289
  6.96989346919870	 74.40813768345524
  6.98100972672534	 74.58986727799328
  6.99212598425197	 74.77159687292281
  7.00324224177860	 74.95332647555560
  7.01435849930523	 75.13505608096442
  7.02547475683187	 75.31678569251714
  7.03659101435850	 75.49851530795276
  7.04770727188513	 75.68024492883605
  7.05882352941176	 75.86197455412923
  7.06993978693840	 76.04370418456826
  7.08105604446503	 76.22543381967996
  7.09217230199166	 76.40716345981751
  7.10328855951829	 76.58889310476992
  7.11440481704493	 76.77062275471306
  7.12552107457156	 76.95235240955857
  7.13663733209819	 77.13408206940005
  7.14775358962483	 77.31581173420709
  7.15886984715146	 77.49754140403529
  7.16998610467809	 77.67927107888205
  7.18110236220472	 77.86100075878571
  7.19221861973136	 78.04273044375736
  7.20333487725799	 78.22446013382789
  7.21445113478462	 78.40618982901553
  7.22556739231126	 78.58791952934826
  7.23668364983789	 78.76964923484844
  7.24779990736452	 78.95137894554341
  7.25891616489115	 79.13310866145825
  7.27003242241779	 79.31483838262079
  7.28114867994442	 79.49656810905815
  7.29226493747105	 79.67829784079920
  7.30338119499768	 79.86002757787297
  7.31449745252432	 80.04175732030970
  7.32561371005095	 80.22348706814019
  7.33672996757758	 80.40521682139628
  7.34784622510421	 80.58694658011058
  7.35896248263085	 80.76867634431673
  7.37007874015748	 80.95040611404922
  7.38119499768411	 81.13213588934357
  7.39231125521075	 81.31386567023632
  7.40342751273738	 81.49559545676506
  7.41454377026401	 81.67732524896840
  7.42566002779064	 81.85905504688614
  7.43677628531728	 82.04078485055918
  7.44789254284391	 82.22251466002963
  7.45900880037054	 82.40424447534083
  7.47012505789717	 82.58597429653737
  7.48124131542381	 82.76770412366517
  7.49235757295044	 82.94943395677149
  7.50347383047707	 83.13116379590497
  7.51459008800370	 83.31289364111571
  7.52570634553034	 83.49462349245530
  7.53682260305697	 83.67635334997688
  7.54793886058360	 83.85808321373514
  7.55905511811024	 84.03981308378646
  7.57017137563687	 84.19437559244369
  7.58128763316350	 84.34012436624893
  7.59240389069013	 84.47723985425401
  7.60352014821677	 84.60573814381972
  7.61463640574340	 84.72576897676517
  7.62575266327003	 84.83742055201945
  7.63686892079667	 84.94084717730659
  7.64798517832330	 85.03618524888036
  7.65910143584993	 85.12360814423086
  7.67021769337656	 85.20328975953599
  7.68133395090320	 85.27542815127028
  7.69245020842983	 85.34022950881207
  7.70356646595646	 85.39791828086869
  7.71468272348309	 85.44872996083890
  7.72579898100973	 85.49291531526092
  7.73691523853636	 85.53073697380053
  7.74803149606299	 85.56247104906996
  7.75914775358962	 85.58840536050060
  7.77026401111626	 85.60883987448391
  7.78138026864289	 85.62408561581215
  7.79249652616952	 85.63446455335905
  7.80361278369616	 85.64030878477405
  7.81472904122279	 85.64196014395719
  7.82584529874942	 85.63981055419605
  7.83696155627605	 85.63418921365465
  7.84807781380269	 85.62546265246532
  7.85919407132932	 85.61400467015623
  7.87031032885595	 85.60019514211142
  7.88142658638258	 85.58441962200470
  7.89254284390922	 85.56706839117960
  7.90365910143585	 85.54853584195899
  7.91477535896248	 85.52921961448820
  7.92589161648911	 85.50951987132764
  7.93700787401575	 85.48983845919470
  7.94812413154238	 85.47057812590417
  7.95924038906901	 85.45214168426121
  7.97035664659565	 85.43493119751240
  7.98147290412228	 85.41934713995801
  7.99258916164891	 85.40578756672745
  8.00370541917554	 85.39464727338829
  8.01482167670218	 85.38631696165486
  8.02593793422881	 85.38118240381155
  8.03705419175544	 85.37962361432776
  8.04817044928208	 85.38194564993958
  8.05928670680871	 85.38859587175560
  8.07040296433534	 85.39993391633030
  8.08151922186197	 85.41630975354390
  8.09263547938860	 85.43806392463641
  8.10375173691524	 85.46552610185225
  8.11486799444187	 85.49901477558946
  8.12598425196850	 85.53883623542123
  8.13710050949514	 85.58528405006035
  8.14821676702177	 85.63863825816263
  8.15933302454840	 85.69916479102190
  8.17044928207503	 85.76711478687157
  8.18156553960167	 85.84272402391063
  8.19268179712830	 85.92621232460326
  8.20379805465493	 86.01778303125317
  8.21491431218156	 86.11762248887037
  8.22603056970820	 86.22589957994578
  8.23714682723483	 86.34276528343344
  8.24826308476146	 86.46835227819041
  8.25937934228810	 86.60277457897635
  8.27049559981473	 86.74612721438896
  8.28161185734136	 86.89848594169766
  8.29272811486799	 87.08016743330809
  8.30384437239463	 87.26192910546050
  8.31496062992126	 87.44363840076527
  8.32607688744789	 87.62538196696946
  8.33719314497453	 87.80710309709957
  8.34830940250116	 87.98883895597902
  8.35942566002779	 88.17056515342017
  8.37054191755442	 88.35229771989093
  8.38165817508106	 88.53402610411642
  8.39277443260769	 88.71575726200685
  8.40389069013432	 88.89748660106765
  8.41500694766095	 89.07921715861914
  8.42612320518759	 89.26094692297818
  8.43723946271422	 89.44267722910618
  8.44835572024085	 89.62440719002751
  8.45947197776749	 89.80613739646034
  8.47058823529412	 89.98786745474173
  8.48170449282075	 90.16959762808628
  8.49282075034738	 90.35132774064687
  8.50393700787401	 90.53305791055654
  8.51505326540065	 90.71478805879511
  8.52616952292728	 90.89651823879389
  8.53728578045391	 91.07824841487083
  8.54840203798055	 91.25997861141158
  8.55951829550718	 91.44170881226542
  8.57063455303381	 91.62343902869654
  8.58175081056044	 91.80516925341816
  8.59286706808708	 91.98689949173290
  8.60398332561371	 92.16862974040646
  8.61509958314034	 92.35036000202079
  8.62621584066697	 92.53209027521001
  8.63733209819361	 92.71382056131181
  8.64844835572024	 92.89555085983143
  8.65956461324687	 93.07728117153948
  8.67068087077351	 93.25901149635449
  8.68179712830014	 93.44074183479250
  8.69291338582677	 93.62247218697432
  8.70402964335340	 93.80420255330667
  8.71514590088004	 93.98593293401520
  8.72626215840667	 94.16766332946557
  8.73737841593330	 94.34939373994314
  8.74849467345994	 94.53112416580502
  8.75961093098657	 94.71285460737570
  8.77072718851320	 94.89458506501943
  8.78184344603983	 95.07631553909064
  8.79295970356647	 95.25804602996860
  8.80407596109310	 95.43977653803381
  8.81519221861973	 95.62150706368467
  8.82630847614636	 95.80323760732632
  8.83742473367300	 95.98496816937856
  8.84854099119963	 96.16669875027070
  8.85965724872626	 96.34842935044533
  8.87077350625290	 96.53015997035588
  8.88188976377953	 96.71189061046826
  8.89300602130616	 96.89362127125990
  8.90412227883279	 97.07535195322038
  8.91523853635942	 97.25708265685063
  8.92635479388606	 97.43881338266327
  8.93747105141269	 97.62054413118200
  8.94858730893932	 97.80227490294124
  8.95970356646596	 97.98400569848560
  8.97081982399259	 98.16573651836910
  8.98193608151922	 98.34746736315473
  8.99305233904585	 98.52919823341247
  9.00416859657249	 98.71092912971913
  9.01528485409912	 98.89266005265574
  9.02640111162575	 99.07439100280607
  9.03751736915238	 99.25612198075443
  9.04863362667902	 99.43785298708299
  9.05974988420565	 99.61958402236753
  9.07086614173228	 99.80131508717506
  9.08198239925892	 99.98304618205853
  9.09309865678555	100.16477730755055
  9.10421491431218	100.34650846415765
  9.11533117183881	100.52823965235396
  9.12644742936545	100.70997087256946
  9.13756368689208	100.89170212518077
  9.14867994441871	101.04908226488388
  9.15979620194535	101.19902308894643
  9.17091245947198	101.34175493391520
  9.18202871699861	101.47727552715904
  9.19314497452524	101.60574941354692
  9.20426123205188	101.72724598069979
  9.21537748957851	101.84191145973304
  9.22649374710514	101.94985600259783
  9.23761000463177	102.05122823042005
  9.24872626215841	102.14616641854732
  9.25984251968504	102.23483109606610
  9.27095877721167	102.31738393968108
  9.28207503473830	102.39400221807553
  9.29319129226494	102.46486970289199
  9.30430754979157	102.53018318159255
  9.31542380731820	102.59014858074089
  9.32654006484484	102.64498394761547
  9.33765632237147	102.69491779254656
  9.34877257989810	102.74019043634841
  9.35988883742473	102.78105324216757
  9.37100509495137	102.81776914050360
  9.38212135247800	102.85061215233138
  9.39323761000463	102.87986743996814
  9.40435386753127	102.90583085170044
  9.41547012505790	102.92880865217423
  9.42658638258453	102.94911697182269
  9.43770264011116	102.96708129247889
  9.44881889763779	102.98303575977312
  9.45993515516443	102.99732247112610
  9.47105141269106	103.01029064759749
  9.48216767021769	103.02229576242034
  9.49328392774433	103.03369858847702
  9.50440018527096	103.04486420281953
  9.51551644279759	103.05616093504104
  9.52663270032422	103.06795928119629
  9.53774895785086	103.08063078078760
  9.54886521537749	103.09454687017723
  9.55998147290412	103.11007771405836
  9.57109773043075	103.12759102356124
  9.58221398795739	103.14745086360271
  9.59333024548402	103.17001645488028
  9.60444650301065	103.19564097265787
  9.61556276053729	103.22467034537992
  9.62667901806392	103.25744205422127
  9.63779527559055	103.29428393473543
  9.64891153311718	103.33551298052308
  9.66002779064382	103.38143414856860
  9.67114404817045	103.43233916503702
  9.68226030569708	103.48850532994672
  9.69337656322372	103.55019431851417
  9.70449282075035	103.61765097656681
  9.71560907827698	103.69110210694070
  9.72672533580361	103.77075524339104
  9.73784159333024	103.85679740810754
  9.74895785085688	103.94939384851831
  9.76007410838351	104.04868674859431
  9.77119036591014	104.15479390934657
  9.78230662343678	104.26780739255841
  9.79342288096341	104.38779212097043
  9.80453913849004	104.51478442702633
  9.81565539601667	104.64879054073779
  9.82677165354331	104.78978500501010
  9.83788791106994	104.93770900352641
  9.84900416859657	105.09246858159487
  9.86012042612320	105.25393273185051
  9.87123668364984	105.43558002219299
  9.88235294117647	105.61736599118616
  9.89346919870310	105.79905997158600
  9.90458545622974	105.98081406783663
  9.91570171375637	106.16252749307323
  9.92681797128300	106.34426677330589
  9.93793422880963	106.52598734587775
  9.94905048633627	106.70771836339658
  9.96016674386290	106.88943960995007
  9.97128300138953	107.07116350746506
  9.98239925891617	107.25287997850357
  9.99351551644280	107.43459297819416
 10.00463177396943	107.61629479778696
 10.01574803149606	107.79798072526867
 10.02686428902270	107.97963041099025
 10.03798054654933	108.16117865978350
 10.04909680407596	108.34101130775852
 10.06021306160259	108.51909756076068
 10.07132931912923	108.66644426022647
 10.08244557665586	108.80223978322701
 10.09356183418249	108.92801254901615
 10.10467809170912	109.04468427301275
 10.11579434923576	109.15325066995933
 10.12691060676239	109.25440432156088
 10.13802686428902	109.34886734415525
 10.14914312181565	109.43717085821748
 10.16025937934229	109.51986625668408
 10.17137563686892	109.59737757615173
 10.18249189439555	109.67012029192966
 10.19360815192219	109.73844608606325
 10.20472440944882	109.80268573618083
 10.21584066697545	109.86312977608227
 10.22695692450209	109.92004787335969
 10.23807318202872	109.97368020263288
 10.24918943955535	110.02425058345008
 10.26030569708198	110.07196119024465
 10.27142195460861	110.11699923874505
 10.28253821213525	110.15953597748999
 10.29365446966188	110.19972986231083
 10.30477072718851	110.23772672574847
 10.31588698471515	110.27366207270303
 10.32700324224178	110.30766079924416
 10.33811949976841	110.33983961795724
 10.34923575729504	110.37030606820568
 10.36035201482168	110.39916104391084
 10.37146827234831	110.42649909722644
 10.38258452987494	110.45240544562166
 10.39370078740157	110.47696283115111
 10.40481704492821	110.50024732098285
 10.41593330245484	110.52233036965362
 10.42704955998147	110.54327880586045
 10.43816581750811	110.56315520063593
 10.44928207503474	110.58201821414133
 10.46039833256137	110.59992318308841
 10.47151459008800	110.61692251217696
 10.48263084761464	110.63306340265626
 10.49374710514127	110.64839243870399
 10.50486336266790	110.66295268367226
 10.51597962019454	110.67678455968507
 10.52709587772117	110.68992679251875
 10.53821213524780	110.70241515569170
 10.54932839277443	110.71428377224008
 10.56044465030106	110.72556465420502
 10.57156090782770	110.73628816648322
 10.58267716535433	110.74648334881320
 10.59379342288096	110.75617639037081
 10.60490968040760	110.76539339941263
 10.61602593793423	110.77415843600807
 10.62714219546086	110.78249455357056
 10.63825845298749	110.79042329451671
 10.64937471051413	110.79796516778575
 10.66049096804076	110.80513959883775
 10.67160722556739	110.81196503356668
 10.68272348309402	110.81845878405004
 10.69383974062066	110.82463746414493
 10.70495599814729	110.83051673932387
 10.71607225567392	110.83611124656242
 10.72718851320056	110.85559035086141
 10.73830477072719	110.87776471133817
 10.74942102825382	110.90235354578513
 10.76053728578045	110.92906112481502
 10.77165354330709	110.95763455514145
 10.78276980083372	110.98782530150054
 10.79388605836035	111.01941011448950
 10.80500231588699	111.05217597913888
 10.81611857341362	111.08592773735720
 10.82723483094025	111.12048182953620
 10.83835108846688	111.15566907226263
 10.84946734599352	111.19133186574670
 10.86058360352015	111.22732524419467
 10.87169986104678	111.26351559211393
 10.88281611857341	111.29978098415656
 10.89393237610005	111.33601070167758
 10.90504863362668	111.37210510545934
 10.91616489115331	111.40797544416313
 10.92728114867994	111.44354155349416
 10.93839740620658	111.47874011174297
 10.94951366373321	111.51351149011366
 10.96062992125984	111.54780802874504
 10.97174617878647	111.58159138781194
 10.98286243631311	111.61483366110588
 10.99397869383974	111.64751055640023
 11.00509495136637	111.64751055640021
 11.01621120889301	111.64559147544419
 11.02732746641964	111.64192037971559
 11.03844372394627	111.63626271230326
 11.04955998147291	111.62938125382693
 11.06067623899954	111.62139283156701
 11.07179249652617	111.61284256000310
 11.08290875405280	111.60399863938002
 11.09402501157943	111.59531391458475
 11.10514126910607	111.58712125451598
 11.11625752663270	111.57983278194268
 11.12737378415933	111.57380723313463
 11.13849004168597	111.56943623550968
 11.14960629921260	111.56708593283540
 11.16072255673923	111.56708593283537
 11.17183881426586	111.56708593283523
 11.18295507179250	111.60069267404960
 11.19407132931913	111.63336369255472
 11.20518758684576	111.66502485310465
 11.21630384437239	111.69561819907921
 11.22742010189903	111.72504601065938
 11.23853635942566	111.75321544741273
 11.24965261695229	111.78000342043475
 11.26076887447893	111.80528425909364
 11.27188513200556	111.82890932240626
 11.28300138953219	111.85072376538714
 11.29411764705882	111.87055566494131
 11.30523390458546	111.88822631185901
 11.31635016211209	111.90354529460372
 11.32746641963872	111.91631716719922
 11.33858267716536	111.92634030603061
 11.34969893469199	111.93341167879454
 11.36081519221862	111.93732778743090
 11.37193144974525	111.93788899784849
 11.38304770727188	111.93490146026915
 11.39416396479852	111.92818111531825
 11.40528022232515	111.91755658038782
 11.41639647985178	111.90287252517284
 11.42751273737842	111.88399289298320
 11.43862899490505	111.86080419506371
 11.44974525243168	111.82134847893126
 11.46086150995831	111.78346124258091
 11.47197776748495	111.74706061320767
 11.48309402501158	111.71212200359236
 11.49421028253821	111.67858412074409
 11.50532654006484	111.64641018726871
 11.51644279759148	111.61554840210941
 11.52755905511811	111.58595785687402
 11.53867531264474	111.55759184942870
 11.54979157017137	111.53040876992470
 11.56090782769801	111.50436490651528
 11.57202408522464	111.47941957048930
 11.58314034275127	111.45553165147741
 11.59425660027791	111.43266186137491
 11.60537285780454	111.41077147544836
 11.61648911533117	111.38982296922360
 11.62760537285781	111.36977981645853
 11.63872163038444	111.35060665327646
 11.64983788791107	111.33226905565027
 11.66095414543770	111.31473373684059
 11.67207040296434	111.29796840408208
 11.68318666049097	111.28194186354128
 11.69430291801760	111.26662387890893
 11.70541917554423	111.25198533188691
 11.71653543307087	111.23799796539278
 11.72765169059750	111.22463471285798
 11.73876794812413	111.21186928669221
 11.74988420565076	111.19967649258891
 11.76100046317740	111.18803200281751
 11.77211672070403	111.17691237135648
 11.78323297823066	111.16629524566524
 11.79434923575729	111.15615887707659
 11.80546549328393	111.14648231115196
 11.81658175081056	111.13724561413252
 11.82769800833719	111.12842965500154
 11.83881426586383	111.12001593910703
 11.84993052339046	111.11198683673629
 11.86104678091709	111.10432531895052
 11.87216303844372	111.09701503631877
 11.88327929597036	111.09004047037870
 11.89439555349699	111.08338650283174
 11.90551181102362	111.07703904061539
 11.91662806855025	111.07098421126496
 11.92774432607689	111.06520884522170
 11.93886058360352	111.50202901761980
 11.94997684113015	112.00533582663832
 11.96109309865679	112.46490369167405
 11.97220935618342	112.95337805322141
 11.98332561371005	113.42291538455697
 11.99444187123668	113.90507112369730
 12.00555812876332	113.28205594428458
 12.01667438628995	113.69088123784226
 12.02779064381658	112.97150954027360
 12.03890690134321	113.35490240115871
 12.05002315886985	113.89441862063674
 12.06113941639648	114.53024574967647
 12.07225567392311	115.23638298062676
 12.08337193144975	115.89613639496426
 12.09448818897638	115.49024473115843
 12.10560444650301	115.08328090205937
 12.11672070402964	114.68372950064295
 12.12783696155628	114.28907976933877
 12.13895321908291	113.90242851513671
 12.15006947660954	113.52230187454757
 12.16118573413617	113.14861011196211
 12.17230199166281	112.77764775105885
 12.18341824918944	112.40081863564259
 12.19453450671607	112.74425502788597
 12.20565076424271	112.36901493411735
 12.21676702176934	112.67113982226209
 12.22788327929597	112.60534253130317
 12.23899953682260	112.53801409545112
 12.25011579434924	112.47518332564124
 12.26123205187587	112.41291725673025
 12.27234830940250	112.35371410370610
 12.28346456692913	112.29590024714882
 12.29458082445577	112.24050406716589
 12.30569708198240	112.20731104921451
 12.31681333950903	112.18032172646375
 12.32792959703566	112.15880482252598
 12.33904585456230	112.14239636005297
 12.35016211208893	112.13055049697813
 12.36127836961556	112.12288152356429
 12.37239462714219	112.11894809327876
 12.38351088466883	112.11838661121880
 12.39462714219546	112.12082591313710
 12.40574339972209	112.12593907199664
 12.41685965724873	112.13340951598903
 12.42797591477536	112.14295058557940
 12.43909217230199	112.15429198653221
 12.45020842982863	112.16718706354358
 12.46132468735526	112.18140701118161
 12.47244094488189	112.19674346016191
 12.48355720240852	112.21300575074935
 12.49467345993516	112.23002157553780
 12.50578971746179	112.24763565128073
 12.51690597498842	112.26570934580984
 12.52802223251505	112.28411913972511
 12.53913849004169	112.30275879930551
 12.55025474756832	112.32153411165949
 12.56137100509495	112.32153411165928
 12.57248726262158	112.32153411165913
 12.58360352014822	112.32153411165906
 12.59471977767485	112.31969561568276
 12.60583603520148	112.31593223680395
 12.61695229272812	112.31038796518804
 12.62806855025475	112.30357852529553
 12.63918480778138	112.29578207450126
 12.65030106530801	112.28743786650131
 12.66141732283464	112.27888300287051
 12.67253358036128	112.27052446133688
 12.68364983788791	112.26272441439630
 12.69476609541454	112.25587466899516
 12.70588235294118	112.25034613644817
 12.71699861046781	112.24652099972974
 12.72811486799444	112.24477005531188
 12.73923112552107	112.24477005531173
 12.75034738304771	112.24477005531168
 12.76146364057434	112.24477005531143
 12.77257989810097	112.26454430898917
 12.78369615562761	112.28352194273610
 12.79481241315424	112.30157598946025
 12.80592867068087	112.31861679784151
 12.81704492820750	112.33450180420282
 12.82816118573414	112.34910127273872
 12.83927744326077	112.36225532629527
 12.85039370078740	112.37380155374628
 12.86150995831403	112.38355513384465
 12.87262621584067	112.39132919124648
 12.88374247336730	112.39692048251209
 12.89485873089393	112.40012271177721
 12.90597498842057	112.40072067574283
 12.91709124594720	112.39849812819142
 12.92820750347383	112.39323611980380
 12.93932376100046	112.38472051949967
 12.95044001852709	112.37274046076291
 12.96155627605373	112.35709478320138
 12.97267253358036	112.33759425475012
 12.98378879110699	112.31406564155412
 12.99490504863363	112.28635484992218
 13.00602130616026	112.25433071832998
 13.01713756368689	112.21788823263665
 13.02825382121353	112.16507600468834
 13.03937007874016	112.11418489796642
 13.05048633626679	112.06513634689902
 13.06160259379342	112.01790834270197
 13.07271885132006	111.97244052696908
 13.08383510884669	111.92869595966752
 13.09495136637332	111.88662134392548
 13.10606762389995	111.84617344582580
 13.11718388142659	111.80730209623628
 13.12830013895322	111.76996165446258
 13.13941639647985	111.73410367468205
 13.15053265400648	111.69968199088490
 13.16164891153312	111.66664960758455
 13.17276516905975	111.63496073513247
 13.18388142658638	111.60456993961662
 13.19499768411301	111.57543265036955
 13.20611394163965	111.54750490387499
 13.21723019916628	111.52074364323737
 13.22834645669291	111.49510682055681
 13.23946271421955	111.47055323468061
 13.25057897174618	111.44704266190983
 13.26169522927281	111.42453579627809
 13.27281148679944	111.40299458998317
 13.28392774432608	111.38238170469093
 13.29504400185271	111.36266114436827
 13.30616025937934	111.34379784303133
 13.31727651690598	111.32575777414158
 13.32839277443261	111.30850798917481
 13.33950903195924	111.29201669604861
 13.35062528948587	111.27625301672705
 13.36174154701251	111.26118706311334
 13.37285780453914	111.24679013728137
 13.38397406206577	111.23303430544820
 13.39509031959240	111.21989287251762
 13.40620657711904	111.20734001439246
 13.41732283464567	111.19535069543463
 13.42843909217230	111.18390103857605
 13.43955534969894	111.17296795398876
 13.45067160722557	111.16252922252841
 13.46178786475220	111.15256357727623
 13.47290412227883	111.14305038268431
 13.48402037980546	111.13396993599692
 13.49513663733210	111.12530340204376
 13.50625289485873	111.11703250683398
 13.51736915238536	111.10913988884185
 13.52848540991200	111.10160883720866
 13.53960166743863	111.09442328604877
 13.55071792496526	111.08756786542938
 13.56183418249189	111.08102778742604
 13.57295044001853	111.07478899952848
 13.58406669754516	111.06883799495560
 13.59518295507179	111.06316178175901
 13.60629921259843	111.05774796918253
 13.61741547012506	111.05258480418550
 13.62853172765169	111.04766087450844
 13.63964798517832	111.04296530279333
 13.65076424270496	111.03848764936455
 13.66188050023159	111.03421802680073
 13.67299675775822	111.03014697714380
 13.68411301528485	111.02626540659809
 13.69522927281149	111.02256450529285
 13.70634553033812	111.01901933491057
 13.71746178786475	111.01565646055442
 13.72857804539139	111.01245045228627
 13.73969430291802	111.00939422487815
 13.75081056044465	111.00648079899726
 13.76192681797128	111.00370370582498
 13.77304307549791	111.00105640067935
 13.78415933302455	110.99853307720321
 13.79527559055118	110.99612788628419
 13.80639184807781	110.99383547269910
 13.81750810560445	110.99164974313709
 13.82862436313108	110.98956721764999
 13.83974062065771	110.98758247595040
 13.85085687818435	110.98569084482435
 13.86197313571098	110.98388803434121
 13.87308939323761	110.99415016350271
 13.88420565076424	111.00785313307196
 13.89532190829088	111.02465513031234
 13.90643816581751	111.04421026106850
 13.91755442334414	111.06621525994815
 13.92867068087077	111.09037725016829
 13.93978693839741	111.11643076136613
 13.95090319592404	111.14412443010163
 13.96201945345067	111.17322723037522
 13.97313571097730	111.20352252511481
 13.98425196850394	111.23481020937523
 13.99536822603057	111.26690406019529
 14.00648448355720	111.29963222412496
 14.01760074108383	111.33283609566966
 14.02871699861047	111.36637024679894
 14.03983325613710	111.40010187475752
 14.05094951366373	111.43391057629918
 14.06206577119037	111.46768807567886
 14.07318202871700	111.50133792086746
 14.08429828624363	111.53477522825139
 14.09541454377026	111.56792630093622
 14.10653080129690	111.60072827896717
 14.11764705882353	111.63312933766092
 14.12876331635016	111.66508555095820
 14.13987957387680	111.69656420471301
 14.15099583140343	111.69656420471277
 14.16211208893006	111.69637966469416
 14.17322834645669	111.69419369525929
 14.18434460398333	111.68975701756824
 14.19546086150996	111.68383668687466
 14.20657711903659	111.67654222895811
 14.21769337656322	111.66841988732999
 14.22880963408986	111.65973434097008
 14.23992589161649	111.65093885220787
 14.25104214914312	111.64236502024163
 14.26215840666976	111.63442571962632
 14.27327466419639	111.62748002655954
 14.28439092172302	111.62192110712243
 14.29550717924965	111.61811678284579
 14.30662343677628	111.61644758819000
 14.31773969430292	111.61644758818987
 14.32885595182955	111.64908542502855
 14.33997220935618	111.68085399222404
 14.35108846688282	111.71168767270289
 14.36220472440945	111.74153244033307
 14.37332098193608	111.77030340955997
 14.38443723946271	111.79791246711301
 14.39555349698935	111.82424490948802
 14.40666975451598	111.84918213886637
 14.41778601204261	111.87258314286106
 14.42890226956925	111.89429950799241
 14.44001852709588	111.91416550493673
 14.45113478462251	111.93200744596363
 14.46225104214914	111.94763898367874
 14.47336729967578	111.96086741817228
 14.48448355720241	111.97149244454219
 14.49559981472904	111.97931071358720
 14.50671607225567	111.98411671959778
 14.51783232978231	111.98570695632701
 14.52894858730894	111.98388159807652
 14.54006484483557	111.97844881116563
 14.55118110236221	111.96922691908453
 14.56229735988884	111.95604866448066
 14.57341361741547	111.93876357202981
 14.58452987494210	111.91724265383927
 14.59564613246873	111.89137971547885
 14.60676238999537	111.85073543239692
 14.61787864752200	111.81169303600029
 14.62899490504863	111.77417401461160
 14.64011116257527	111.73815136373300
 14.65122742010190	111.70356488752000
 14.66234367762853	111.67037645962962
 14.67345993515516	111.63853478263779
 14.68457619268180	111.60799777029678
 14.69569245020843	111.57871827329508
 14.70680870773506	111.55065391039389
 14.71792496526170	111.52376065153994
 14.72904122278833	111.49799686746439
 14.74015748031496	111.47332075032462
 14.75127373784159	111.44969235777455
 14.76238999536823	111.42707211623721
 14.77350625289486	111.40542188947641
 14.78462251042149	111.38470419427873
 14.79573876794812	111.36488295795898
 14.80685502547476	111.34592291626539
 14.81797128300139	111.32778994731680
 14.82908754052802	111.31045104807858
 14.84020379805465	111.29387418800066
 14.85132005558129	111.27802838342875
 14.86243631310792	111.26288368123558
 14.87355257063455	111.24841134195252
 14.88466882816119	111.23458328938831
 14.89578508568782	111.22137260579126
 14.90690134321445	111.20875336073242
 14.91801760074108	111.19670059962050
 14.92913385826772	111.18519015209860
 14.94025011579435	111.17419888298959
 14.95136637332098	111.16370441467178
 14.96248263084761	111.15368539737563
 14.97359888837425	111.14412123754261
 14.98471514590088	111.13499206135522
 14.99583140342751	111.12627888166884
 15.00694766095415	111.11796342776049
 15.01806391848078	111.11002823874449
 15.02918017600741	111.10245641710523
 15.04029643353404	111.09523192291799
 15.05141269106068	111.08833930303467
 15.06252894858731	111.08176374061219
 15.07364520611394	111.07549106203921
 15.08476146364058	111.06950762253976
 15.09587772116721	111.06380051272473
 15.10699397869384	111.05835718934527
 15.11811023622047	111.05316580255339
 15.12922649374710	111.04821485374194
 15.14034275127374	111.04349351740473
 15.15145900880037	111.03899144485287
 15.16257526632700	111.03469841896614
 15.17369152385364	111.03060499785423
 15.18480778138027	111.02670221058504
 15.19592403890690	111.02298146198888
 15.20704029643353	111.01943367269904
 15.21815655396017	111.01605400942456
 15.22927281148680	111.01282947209074
 15.24038906901343	111.00975543276037
 15.25150532654007	111.00682508704890
 15.26262158406670	111.00403177329419
 15.27373784159333	111.00136917930750
 15.28485409911996	110.99883114081935
 15.29597035664660	110.99641203251292
 15.30708661417323	110.99410623082080
 15.31820287169986	110.99190851541336
 15.32931912922649	110.98981387838090
 15.34043538675313	110.98781751964700
 15.35155164427976	110.98591488067262
 15.36266790180639	110.98410153702372
 15.37378415933303	110.98237334052411
 15.38490041685966	110.98072639137509
 15.39601667438629	110.97915679858505
 15.40713293191292	110.97766103868251
 15.41824918943956	110.97623561018328
 15.42936544696619	110.97487722482610
 15.44048170449282	110.97358274301958
 15.45159796201945	110.98487468133418
 15.46271421954609	110.99951686097893
 15.47383047707272	111.01717502297745
 15.48494673459935	111.03750893661346
 15.49606299212598	111.06022141391885
 15.50717924965262	111.08502460053971
 15.51829550717925	111.11165802145226
 15.52941176470588	111.13987482466685
 15.54052802223252	111.16944821152327
 15.55164427975915	111.20016546159528
 15.56276053728578	111.23183020206721
 15.57387679481241	111.26425957340609
 15.58499305233905	111.29728509287422
 15.59610930986568	111.33075119903826
 15.60722556739231	111.36451542579722
 15.61834182491894	111.39844778261134
 15.62945808244558	111.43243056790617
 15.64057433997221	111.46635807207777
 15.65169059749884	111.50013630926293
 15.66280685502547	111.53368275616373
 15.67392311255211	111.56692593419055
 15.68503937007874	111.59980513169216
 15.69615562760537	111.63226951895575
 15.70727188513201	111.66427909137985
 15.71838814265864	111.69580182424281
 15.72950440018527	111.69580182424266
 15.74062065771190	111.69525122974973
 15.75173691523853	111.69274918168801
 15.76285317276517	111.68805108190953
 15.77396943029180	111.68192205762915
 15.78508568781843	111.67447385636493
 15.79620194534507	111.66625205235394
 15.80731820287170	111.65752237205122
 15.81843446039833	111.64873781702750
 15.82955071792497	111.64023040160649
 15.84066697545160	111.63241278410496
 15.85178323297823	111.62564405246518
 15.86289949050486	111.62031704417754
 15.87401574803150	111.61679928646792
 15.88513200555813	111.61547080537571
 15.89624826308476	111.61547080537567
 15.90736452061140	111.64810844548028
 15.91848077813803	111.67986794552994
 15.92959703566466	111.71067993829024
 15.94071329319129	111.74049403199848
 15.95182955071792	111.76921744305093
 15.96294580824456	111.79676237457110
 15.97406206577119	111.82301208173683
 15.98517832329782	111.84784619816821
 15.99629458082446	111.87112178285474
 16.00741083835109	111.89268877629424
 16.01852709587772	111.91237985995247
 16.02964335340435	111.93001997271071
 16.04075961093099	111.94542158076075
 16.05187586845762	111.95839149378423
 16.06299212598425	111.96872806832152
 16.07410838351088	111.97622814094275
 16.08522464103752	111.98068631156603
 16.09634089856415	111.98189994899049
 16.10745715609078	111.97966949496167
 16.11857341361742	111.97380480378152
 16.12968967114405	111.96412619811871
 16.14080592867068	111.95046859656806
 16.15192218619731	111.93268474097509
 16.16303844372394	111.91064832413358
 16.17415470125058	111.88425709768144
 16.18527095877721	111.84388984275833
 16.19638721630384	111.80511518107301
 16.20750347383048	111.76785655606909
 16.21861973135711	111.73208569690132
 16.22973598888374	111.69774317674836
 16.24085224641038	111.66479065798708
 16.25196850393701	111.63317691539574
 16.26308476146364	111.60286010228823
 16.27420101899027	111.57379317306591
 16.28531727651691	111.54593392261513
 16.29643353404354	111.51923835047013
 16.30754979157017	111.49366510495288
 16.31866604909681	111.46917254766306
 16.32978230662344	111.44572074638614
 16.34089856415007	111.42327046373195
 16.35201482167670	111.40178363499503
 16.36313107920333	111.38122312507568
 16.37424733672997	111.36155284946101
 16.38536359425660	111.34273787652195
 16.39647985178323	111.32474419140605
 16.40759610930987	111.30753906870443
 16.41871236683650	111.29109046252626
 16.42982862436313	111.27536770537904
 16.44094488188976	111.26034105041840
 16.45206113941640	111.24598182316454
 16.46317739694303	111.23226217043734
 16.47429365446966	111.21915525165112
 16.48540991199630	111.20663544776758
 16.49652616952293	111.19467785865113
 16.50764242704956	111.18325856958448
 16.51875868457619	111.17235455862814
 16.52987494210283	111.16194361481470
 16.54099119962946	111.15200448681711
 16.55210745715609	111.14251670696882
 16.56322371468272	111.13346059463478
 16.57433997220935	111.12481725243674
 16.58545622973599	111.11656854660663
 16.59657248726262	111.10869722874884
 16.60768874478925	111.10118644577527
 16.61880500231589	111.09402026709812
 16.62992125984252	111.08718334800565
 16.64103751736915	111.08066101471931
 16.65215377489578	111.07443913296522
 16.66327003242242	111.06850427530479
 16.67438628994905	111.06284349450226
 16.68550254747568	111.05744444708378
 16.69661880500232	111.05229527113832
 16.70773506252895	111.04738467473676
 16.71885132005558	111.04270441676900
 16.72996757758222	111.03823889064721
 16.74108383510885	111.03398084335836
 16.75220009263548	111.02992074978164
 16.76331635016211	111.02604968188552
 16.77443260768874	111.02235895814505
 16.78554886521538	111.01884031127018
 16.79666512274201	111.01548569161739
 16.80778138026864	111.01228770023623
 16.81889763779527	111.00923900922498
 16.83001389532191	111.00633276276513
 16.84113015284854	111.00356246427829
 16.85224641037517	111.00092178911748
 16.86336266790181	110.99840475295663
 16.87447892542844	110.99600558720797
 16.88559518295507	110.99371886873979
 16.89671144048170	110.99153932473496
 16.90782769800834	110.98946202721332
 16.91894395553497	110.98748216691274
 16.93006021306160	110.98559525160819
 16.94117647058824	110.98379694847024
 16.95229272811487	110.98208310255926
 16.96340898564150	110.98044980524912
 16.97452524316813	110.97889325652449
 16.98564150069476	110.97740985888873
 16.99675775822140	110.97599630239780
 17.00787401574803	110.97464920209330
 17.01899027327466	110.97336544056913
 17.03010653080130	110.98524077616341
 17.04122278832793	111.00040747751380
 17.05233904585456	111.01853667267522
 17.06345530338120	111.03929132557873
 17.07457156090783	111.06237822703629
 17.08568781843446	111.08751261275998
 17.09680407596109	111.11443719380793
 17.10792033348773	111.14290788350864
 17.11903659101436	111.17270048811167
 17.13015284854099	111.20360481388052
 17.14126910606763	111.23542678748800
 17.15238536359426	111.26798584160281
 17.16350162112089	111.30111560946739
 17.17461787864752	111.33466260445444
 17.18573413617415	111.36848635453546
 17.19685039370079	111.40245878531245
 17.20796665122742	111.43646411119082
 17.21908290875405	111.47039845450341
 17.23019916628069	111.50416963034044
 17.24131542380732	111.53769738670401
 17.25243168133395	111.57091081827039
 17.26354793886058	111.60375137242362
 17.27466419638722	111.63617011011868
 17.28578045391385	111.66812775687256
 17.29689671144048	111.69959392620564
 17.30801296896712	111.69959392620558
 17.31912922649375	111.69868694960712
 17.33024548402038	111.69587820099068
 17.34136174154701	111.69092846066518
 17.35247799907365	111.68460044040359
 17.36359425660028	111.67700839702472
 17.37471051412691	111.66869701478255
 17.38582677165354	111.65993317991199
 17.39694302918017	111.65116952627363
 17.40805928670681	111.64273852028710
 17.41917554423344	111.63505254584570
 17.43029180176007	111.62847070704109
 17.44140805928670	111.62338547563762
 17.45252431681334	111.62016407486720
 17.46364057433997	111.61918599445625
 17.47475683186660	111.61918599445622
 17.48587308939324	111.65172072488285
 17.49698934691987	111.68337041911857
 17.50810560444650	111.71406474900240
 17.51922186197314	111.74374845656470
 17.53033811949977	111.77232793619001
 17.54145437702640	111.79971360039758
 17.55257063455304	111.82578639579461
 17.56368689207967	111.85042402550458
 17.57480314960630	111.87348147508025
 17.58591940713293	111.89480689819673
 17.59703566465956	111.91423121664769
 17.60815192218620	111.93157796018511
 17.61926817971283	111.94665830292271
 17.63038443723946	111.95927776500865
 17.64150069476609	111.96923471217610
 17.65261695229273	111.97632527637415
 17.66373320981936	111.98034432327519
 17.67484946734599	111.98108925603765
 17.68596572487263	111.97836221997153
 17.69708198239926	111.97197409849818
 17.70819823992589	111.96174721562740
 17.71931449745252	111.94751884575662
 17.73043075497916	111.92914454389913
 17.74154701250579	111.90650135955941
 17.75266327003242	111.86526850984120
 17.76377952755906	111.82566028710919
 17.77489578508569	111.78758908634387
 17.78601204261232	111.75103361968426
 17.79712830013895	111.71592982585506
 17.80824455766559	111.68224194548996
 17.81936081519222	111.64991658775627
 17.83047707271885	111.61891273709547
 17.84159333024548	111.58918231644526
 17.85270958777212	111.56068316918757
 17.86382584529875	111.53337039842400
 17.87494210282538	111.50720238395064
 17.88605836035202	111.48213685042332
 17.89717461787865	111.45813357544296
 17.90829087540528	111.43515253280026
 17.91940713293191	111.41315522282997
 17.93052339045855	111.39210391155923
 17.94163964798518	111.37196206396200
 17.95275590551181	111.35269399750038
 17.96387216303845	111.33426527686208
 17.97498842056508	111.31664238756656
 17.98610467809171	111.29979314346929
 17.99722093561834	111.28368606888561
 18.00833719314497	111.26829083886682
 18.01945345067161	111.25357820222474
 18.03056970819824	111.23951993837358
 18.04168596572487	111.22608867396278
 18.05280222325150	111.21325812157423
 18.06391848077814	111.20100296076998
 18.07503473830477	111.18929880458175
 18.08615099583140	111.17812202092601
 18.09726725335804	111.16745016408143
 18.10838351088467	111.15726141411932
 18.11949976841130	111.14753474923091
 18.13061602593794	111.13825021397088
 18.14173228346457	111.12938848736587
 18.15284854099120	111.12093097638190
 18.16396479851783	111.11286002838301
 18.17508105604447	111.10515850257774
 18.18619731357110	111.09780995636811
 18.19731357109773	111.09079884748351
 18.20842982862436	111.08411009950071
 18.21954608615100	111.07772924534596
 18.23066234367763	111.07164257020771
 18.24177860120426	111.06583664696774
 18.25289485873089	111.06029914389950
 18.26401111625752	111.05501785404735
 18.27512737378416	111.04998117023570
 18.28624363131079	111.04517794663103
 18.29735988883743	111.04059758549471
 18.30847614636406	111.03622994818996
 18.31959240389069	111.03206538586534
 18.33070866141732	111.02809448266282
 18.34182491894395	111.02430850043862
 18.35294117647059	111.02069890900228
 18.36405743399722	111.01725746381048
 18.37517369152386	111.01397678784588
 18.38628994905049	111.01084925316923
 18.39740620657712	111.00786781004335
 18.40852246410375	111.00502576685646
 18.41963872163038	111.00231662604003
 18.43075497915702	110.99973428617098
 18.44187123668365	110.99727286312233
 18.45298749421028	110.99492671320044
 18.46410375173691	110.99269052842359
 18.47522000926355	110.99055921604550
 18.48633626679018	110.98852788175783
 18.49745252431681	110.98659188866932
 18.50856878184345	110.98474674599947
 18.51968503937008	110.98298825727217
 18.53080129689671	110.98131243035887
 18.54191755442334	110.97971537428137
 18.55303381194998	110.97819335255397
 18.56415006947661	110.97674284641803
 18.57526632700324	110.97536107494948
 18.58638258452988	110.97404383089930
 18.59749884205651	110.97278859505732
 18.60861509958314	110.98525773326955
 18.61973135710977	111.00095863686241
 18.63084761463641	111.01956786672179
 18.64196387216304	111.04075159504913
 18.65308012968967	111.06422072509613
 18.66419638721630	111.08969360812750
 18.67531264474294	111.11691616845390
 18.68642890226957	111.14564706999965
 18.69754515979620	111.17566490559938
 18.70866141732283	111.20676191750589
 18.71977767484947	111.23874647893821
 18.73089393237610	111.27144030421654
 18.74201018990273	111.30467917563982
 18.75312644742937	111.33831168827382
 18.76424270495600	111.37219940639189
 18.77535896248263	111.40621625565133
 18.78647522000926	111.44024835747534
 18.79759147753590	111.47419367220681
 18.80870773506253	111.50796184477247
 18.81982399258916	111.54147382140738
 18.83094025011579	111.57466151214612
 18.84205650764243	111.60746741573624
 18.85317276516906	111.63984411215013
 18.86428902269569	111.67175373063598
 18.87540528022233	111.70316729059773
 18.88652153774896	111.70316729059751
 18.89763779527559	111.70191141277719
 18.90875405280222	111.69880362243183
 18.91987031032885	111.69360995269659
 18.93098656785549	111.68709075750442
 18.94210282538212	111.67936274021766
 18.95321908290876	111.67096971063862
 18.96433534043539	111.66217967854679
 18.97545159796202	111.65344490745409
 18.98656785548865	111.64509829081864
 18.99768411301528	111.63755192753881
 19.00880037054192	111.63116491751961
 19.01991662806855	111.62632935276750
 19.03103288559518	111.62341213422972
 19.04214914312182	111.62279219984050
 19.05326540064845	111.62279219984028
 19.06438165817508	111.65522512964844
 19.07549791570171	111.68676581861570
 19.08661417322835	111.71734135850532
 19.09773043075498	111.74689504961333
 19.10884668828161	111.77533048600895
 19.11996294580824	111.80255638479981
 19.13107920333488	111.82845145430393
 19.14219546086151	111.85289326310645
 19.15331171838815	111.87573109682612
 19.16442797591478	111.89681323400377
 19.17554423344141	111.91596886768961
 19.18666049096804	111.93302007307975
 19.19777674849467	111.94777684607406
 19.20889300602131	111.96004371794237
 19.22000926354794	111.96961851406739
 19.23112552107457	111.97629716615141
 19.24224177860120	111.97987462002025
 19.25335803612784	111.98014883344037
 19.26447429365447	111.97692307602571
 19.27559055118110	111.97000965484465
 19.28670680870773	111.95923291203869
 19.29782306623437	111.94443256790665
 19.30893932376100	111.92546705051298
 19.32005558128763	111.90221681499102
 19.33117183881427	111.86115024482564
 19.34228809634090	111.82170237591060
 19.35340435386753	111.78378734448171
 19.36452061139416	111.74738269358375
 19.37563686892080	111.71242525394764
 19.38675312644743	111.67887891180068
 19.39786938397406	111.64669038423779
 19.40898564150070	111.61581870248331
 19.42010189902733	111.58621593392637
 19.43121815655396	111.55783996012416
 19.44233441408059	111.53064608601939
 19.45345067160723	111.50459257221002
 19.46456692913386	111.47963742805132
 19.47568318666049	111.45574040242066
 19.48679944418712	111.43286159382785
 19.49791570171375	111.41096267346828
 19.50903195924039	111.39000584568390
 19.52014821676702	111.36995480733955
 19.53126447429366	111.35077404171285
 19.54238073182029	111.33242921342661
 19.55349698934692	111.31488689249647
 19.56461324687355	111.29811480726235
 19.57572950440018	111.28208176915373
 19.58684576192682	111.26675756629349
 19.59796201945345	111.25211305060208
 19.60907827698009	111.23811997449462
 19.62019453450672	111.22475121660609
 19.63131079203335	111.21198061309397
 19.64242704955998	111.19978282883012
 19.65354330708661	111.18813361140793
 19.66465956461325	111.17700946837654
 19.67577582213988	111.16638788603301
 19.68689207966651	111.15624719096135
 19.69800833719314	111.14656661344672
 19.70912459471977	111.13732615582619
 19.72024085224641	111.12850633990099
 19.73135710977304	111.12008911892033
 19.74247336729968	111.11205667677255
 19.75358962482631	111.10439196823822
 19.76470588235294	111.09707866937461
 19.77582213987957	111.09010111084345
 19.78693839740621	111.08344439409133
 19.79805465493284	111.07709419425416
 19.80917091245948	111.07103681949934
 19.82028716998611	111.06525903907468
 19.83140342751274	111.05974830206726
 19.84251968503937	111.05449252930232
 19.85363594256600	111.04948016761193
 19.86475220009264	111.04470015453680
 19.87586845761927	111.04014196779271
 19.88698471514590	111.03579549416200
 19.89810097267253	111.03165108219426
 19.90921723019916	111.02769960117500
 19.92033348772580	111.02393195186528
 19.93144974525243	111.02034559437195
 19.94256600277907	111.01692285698319
 19.95368226030570	111.01365776158593
 19.96479851783233	111.01054411007651
 19.97591477535896	111.00757699615005
 19.98703103288559	111.00474854034657
 19.99814729041223	111.00205261611131
 20.00926354793886	110.99948262939188
 20.02037980546550	110.99703303325850
 20.03149606299213	110.99469814442567
 20.04261232051876	110.99247268415778
 20.05372857804539	110.99035156458777
 20.06484483557202	110.98832996298744
 20.07596109309866	110.98640323993733
 20.08707735062529	110.98456694171217
 20.09819360815192	110.98281691973082
 20.10930986567855	110.98114910062928
 20.12042612320519	110.97955962133992
 20.13154238073182	110.97804491441414
 20.14265863825845	110.97660709454991
 20.15377489578508	110.97522711656470
 20.16489115331172	110.97391613275309
 20.17600741083835	110.97266702960049
 20.18712366836498	110.98570489352481
 20.19823992589162	111.00191686756673
 20.20935618341825	111.02098457384744
 20.22047244094488	111.04257750372102
 20.23158869847152	111.06641038947500
 20.24270495599815	111.09220452216715
 20.25382121352478	111.11970901679078
 20.26493747105141	111.14868519926455
 20.27605372857805	111.17891434347966
 20.28716998610468	111.21019112030778
 20.29828624363131	111.24232622588207
 20.30940250115794	111.27514352013752
 20.32051875868458	111.30848096573145
 20.33163501621121	111.34218922132946
 20.34275127373784	111.37613182619941
 20.35386753126447	111.41018462670927
 20.36498378879110	111.44423562373234
 20.37610004631774	111.47818462937428
 20.38721630384437	111.51194319306875
 20.39833256137101	111.54543368250445
 20.40944881889764	111.57858982561200
 20.42056507642427	111.61135575052748
 20.43168133395090	111.64368544064342
 20.44279759147753	111.67554249122000
 20.45391384900417	111.70689921666848
 20.46503010653080	111.70689921666839
 20.47614636405743	111.70530210710692
 20.48726262158407	111.70190308833415
 20.49837887911070	111.69647337638709
 20.50949513663733	111.68977098796840
 20.52061139416397	111.68191503382181
 20.53172765169060	111.67344844879217
 20.54284390921723	111.66464033990175
 20.55396016674386	111.65594259057218
 20.56507642427049	111.64768850033802
 20.57619268179713	111.64028986927133
 20.58730893932376	111.63410577434993
 20.59842519685040	111.62952791218372
 20.60954145437703	111.62692284367569
 20.62065771190366	111.62666893861066
 20.63177396943029	111.62666893861048
 20.64289022695692	111.65899293729618
 20.65400648448356	111.69041732941068
 20.66512274201019	111.72086659775846
 20.67623899953682	111.75028222034710
 20.68735525706346	111.77856574544633
 20.69847151459009	111.80562380484098
 20.70958777211672	111.83133282116427
 20.72070402964335	111.85556664194318
 20.73182028716999	111.87817621633125
 20.74293654469662	111.89900615109558
 20.75405280222325	111.91788404218394
 20.76516905974988	111.93463049295033
 20.77628531727652	111.94905431097419
 20.78740157480315	111.96095919548488
 20.79851783232978	111.97014241606541
 20.80963408985642	111.97639963404744
 20.82075034738305	111.97952601411296
 20.83186660490968	111.97932021699319
 20.84298286243631	111.97558653350490
 20.85409911996295	111.96813897388877
 20.86521537748958	111.95680376140211
 20.87633163501621	111.94142316871520
 20.88744789254284	111.92185874817457
 20.89856415006948	111.89799422926781
 20.90968040759611	111.85709171971543
 20.92079666512274	111.81780198766018
 20.93191292264937	111.78004113134439
 20.94302918017600	111.74378540645189
 20.95414543770264	111.70897232426826
 20.96526169522927	111.67556543597894
 20.97637795275591	111.64351195855100
 20.98749421028254	111.61277060382808
 20.99861046780917	111.58329380856485
 21.00972672533580	111.55503918706908
 21.02084298286244	111.52796238940046
 21.03195924038907	111.50202173756993
 21.04307549791570	111.47717536072290
 21.05419175544234	111.45338296058770
 21.06530801296897	111.43060493149821
 21.07642427049560	111.40880286959842
 21.08754052802223	111.38793928322954
 21.09865678554887	111.36797778531793
 21.10977304307550	111.34888304709960
 21.12088930060213	111.33062073909485
 21.13200555812876	111.31315767065719
 21.14312181565539	111.29646168145142
 21.15423807318203	111.28050167218406
 21.16535433070866	111.26524750169331
 21.17647058823530	111.25067001372952
 21.18758684576193	111.23674124764287
 21.19870310328856	111.22343411262776
 21.20981936081519	111.21072247729001
 21.22093561834182	111.19858124424771
 21.23205187586846	111.18698613611733
 21.24316813339509	111.17591376981241
 21.25428439092173	111.16534174378924
 21.26540064844836	111.15524850931297
 21.27651690597499	111.14561329618016
 21.28763316350162	111.13641619633390
 21.29874942102825	111.12763805832790
 21.30986567855489	111.11926053407647
 21.32098193608152	111.11126591030170
 21.33209819360815	111.10363739954691
 21.34321445113478	111.09635875192971
 21.35433070866141	111.08941432383193
 21.36544696618805	111.08278928114137
 21.37656322371468	111.07646867603313
 21.38767948124132	111.07044017119756
 21.39879573876795	111.06468997194679
 21.40991199629458	111.05920552196365
 21.42102825382121	111.05397484840481
 21.43214451134785	111.04898643624081
 21.44326076887448	111.04422930909186
 21.45437702640112	111.03969297964053
 21.46549328392775	111.03536725648506
 21.47660954145438	111.03124275396139
 21.48772579898101	111.02731005555783
 21.49884205650764	111.02356058597242
 21.50995831403428	111.01998585511954
 21.52107457156091	111.01661155477396
 21.53219082908754	111.01336093388115
 21.54330708661417	111.01026220768165
 21.55442334414080	111.00730817135820
 21.56553960166744	111.00449226852560
 21.57665585919407	111.00180813344673
 21.58777211672070	110.99924957140379
 21.59888837424734	110.99681083006527
 21.61000463177397	110.99448637696099
 21.62112088930060	110.99227125168269
 21.63223714682723	110.99015960247097
 21.64335340435387	110.98814698991720
 21.65446966188050	110.98622882561780
 21.66558591940714	110.98440077691821
 21.67670217693377	110.98265857127112
 21.68781843446040	110.98099822888049
 21.69893469198703	110.97941588151782
 21.71005094951366	110.97790793859777
 21.72116720704030	110.97647087763826
 21.73228346456693	110.97510251449091
 21.74339972209356	110.97379747006586
 21.75451597962019	110.97255382242378
 21.76563223714683	110.98615496493292
 21.77674849467346	111.00287293415043
 21.78786475220009	111.02239443186632
 21.79898100972672	111.04439213646977
 21.81009726725336	111.06858465983144
 21.82121352477999	111.09469625491823
 21.83232978230662	111.12247916575244
 21.84344603983326	111.15169739255681
 21.85456229735989	111.18213486939254
 21.86567855488652	111.21358865080072
 21.87679481241315	111.24587176308496
 21.88791106993979	111.27881026252693
 21.89902732746642	111.31224421274999
 21.91014358499305	111.34602634406903
 21.92125984251969	111.38002219806980
 21.93237610004632	111.41410953296706
 21.94349235757295	111.44817822235954
 21.95460861509958	111.48212990725727
 21.96572487262622	111.51587775524490
 21.97684113015285	111.54934616360532
 21.98795738767948	111.58247035470038
 21.99907364520611	111.61519598416076
 22.01018990273274	111.64747862755154
 22.02130616025938	111.67928307234591
 22.03242241778601	111.71058323683314
 22.04353867531265	111.71058323683312
 22.05465493283928	111.70865249310869
 22.06577119036591	111.70496999313839
 22.07688744789254	111.69931205113146
 22.08800370541917	111.69243437702008
 22.09911996294581	111.68445844355210
 22.11023622047244	111.67592631438505
 22.12135247799907	111.66710816491579
 22.13246873552571	111.65845549065456
 22.14358499305234	111.65030197524497
 22.15470125057897	111.64305910701732
 22.16581750810560	111.63708592094585
 22.17693376563224	111.63277370311104
 22.18805002315887	111.63048865656798
 22.19916628068550	111.63048865656793
 22.21028253821213	111.63048865656793
 22.22139879573877	111.66270362364446
 22.23251505326540	111.69401133338643
 22.24363131079204	111.72433363927911
 22.25474756831867	111.75361035995093
 22.26586382584530	111.78174061589914
 22.27698008337193	111.80862917882730
 22.28809634089856	111.83415018883711
 22.29921259842520	111.85817559926309
 22.31032885595183	111.88055432692501
 22.32144511347846	111.90112927212074
 22.33256137100510	111.91972632271823
 22.34367762853173	111.93616478260762
 22.35479388605836	111.95025227213419
 22.36591014358499	111.96179165700480
 22.37702640111162	111.97057964383241
 22.38814265863826	111.97641189441632
 22.39925891616489	111.97908374049408
 22.41037517369152	111.97839472082936
 22.42149143121816	111.97415001035813
 22.43260768874479	111.96616534807910
 22.44372394627142	111.95426907232726
 22.45484020379805	111.93830613600686
 22.46595646132469	111.91814104702907
 22.47707271885132	111.89366106953382
 22.48818897637795	111.85292715250858
 22.49930523390459	111.81379980547061
 22.51042149143122	111.77619708488409
 22.52153774895785	111.74009415767927
 22.53265400648448	111.70542942998229
 22.54377026401112	111.67216581927558
 22.55488652153775	111.64025091449305
 22.56600277906438	111.60964338864316
 22.57711903659101	111.58029579612287
 22.58823529411764	111.55216589337924
 22.59935155164428	111.52520932937485
 22.61046780917091	111.49938452022776
 22.62158406669755	111.47464968186875
 22.63270032422418	111.45096472076102
 22.64381658175081	111.42829006858133
 22.65493283927744	111.40658749466176
 22.66604909680407	111.38581945931834
 22.67716535433071	111.36594977549987
 22.68828161185734	111.34694326130534
 22.69939786938398	111.32876572004584
 22.71051412691061	111.31138402111837
 22.72163038443724	111.29476608489126
 22.73274664196387	111.27888097761340
 22.74386289949051	111.26369859962817
 22.75497915701714	111.24918995673244
 22.76609541454377	111.23532715255027
 22.77721167207040	111.22208324028229
 22.78832792959703	111.20943216633736
 22.79944418712367	111.19734886850176
 22.81056044465030	111.18580921523314
 22.82167670217694	111.17478990592124
 22.83279295970357	111.16426875817767
 22.84390921723020	111.15422415179398
 22.85502547475683	111.14463551779210
 22.86614173228346	111.13548289679515
 22.87725798981010	111.12674731541257
 22.88837424733673	111.11841044742927
 22.89949050486337	111.11045478754239
 22.91060676239000	111.10286344628911
 22.92172301991663	111.09562028353668
 22.93283927744326	111.08870981758123
 22.94395553496989	111.08211720178925
 22.95507179249653	111.07582823255109
 22.96618805002316	111.06982924515727
 22.97730430754979	111.06410722709073
 22.98842056507642	111.05864972203430
 22.99953682260305	111.05344477687447
 23.01065308012969	111.04848094083081
 23.02176933765632	111.04374731853362
 23.03288559518296	111.03923336819695
 23.04400185270959	111.03492907578980
 23.05511811023622	111.03082490313814
 23.06623436776285	111.02691171584966
 23.07735062528949	111.02318080364913
 23.08846688281612	111.01962359087267
 23.09958314034275	111.01623371093585
 23.11069939786939	111.01300074764593
 23.12181565539602	111.00991883833204
 23.13293191292265	111.00698087774074
 23.14404817044928	111.00418025096724
 23.15516442797592	111.00151060348541
 23.16628068550255	110.99896596124476
 23.17739694302918	110.99654050267181
 23.18851320055581	110.99422868242614
 23.19962945808244	110.99202523018464
 23.21074571560908	110.98992510848038
 23.22186197313571	110.98792354349290
 23.23297823066234	110.98601587640502
 23.24409448818897	110.98419780921796
 23.25521074571561	110.98246511117323
 23.26632700324224	110.98081385649510
 23.27744326076887	110.97924023434868
 23.28855951829551	110.97774055971902
 23.29967577582214	110.97631138923016
 23.31079203334877	110.97494943655408
 23.32190829087541	110.97365160290431
 23.33302454840204	110.97241482031779
 23.34414080592867	110.98657512635172
 23.35525706345530	111.00379537025358
 23.36637332098194	111.02376721032081
 23.37748957850857	111.04616650118157
 23.38860583603520	111.07071569330766
 23.39972209356183	111.09714201011201
 23.41083835108847	111.12520082655305
 23.42195460861510	111.15465880768565
 23.43307086614173	111.18530243501563
 23.44418712366836	111.21693123868199
 23.45530338119499	111.24936053788556
 23.46641963872163	111.28241864204584
 23.47753589624826	111.31594771980396
 23.48865215377490	111.34980252141014
 23.49976841130153	111.38385055559910
 23.51088466882816	111.41797153658197
 23.52200092635479	111.45205742027132
 23.53311718388143	111.48601126635586
 23.54423344140806	111.51974823399465
 23.55534969893469	111.55319441905451
 23.56646595646133	111.58628669060874
 23.57758221398796	111.61897226281607
 23.58869847151459	111.65120821806860
 23.59981472904122	111.68296086738509
 23.61093098656786	111.68296086738508
 23.62204724409449	111.68296086738488
 23.63316350162112	111.68105269316271
 23.64427975914775	111.67684568482998
 23.65539601667438	111.67110894542178
 23.66651227420102	111.66394981550152
 23.67762853172765	111.65591528087626
 23.68874478925429	111.64726899742443
 23.69986104678092	111.63846452374733
 23.71097730430755	111.62983304807645
 23.72209356183418	111.62178766366762
 23.73320981936081	111.61468741466653
 23.74432607688745	111.60892576731713
 23.75544233441408	111.60487079051278
 23.76655859194071	111.60290346892754
 23.77767484946735	111.60290346892745
 23.78879110699398	111.63585224069736
 23.79990736452061	111.66793243411037
 23.81102362204724	111.69907956577165
 23.82213987957388	111.72924680826097
 23.83325613710051	111.75834590592260
 23.84437239462714	111.78629306225081
 23.85548865215377	111.81297565091144
 23.86660490968041	111.83827730616298
 23.87772116720704	111.86205915755723
 23.88883742473367	111.88417478520876
 23.89995368226031	111.90446032015078
 23.91106993978694	111.92274369742918
 23.92218619731357	111.93884007702941
 23.93330245484020	112.53329720276915
 23.94441871236684	113.21468109788621
 23.95553496989347	113.84285559567343
 23.96665122742010	114.51017654466567
 23.97776748494674	115.15567021466786
 23.98888374247337	114.39155657645810
 24.00000000000000	114.96605427735345
