   1.4933954e+05   1.0170000e+01   0.0000000e+00   1.2563540e+01   0.0000000e+00   1.2372997e+01   0.0000000e+00   1.2296780e+01
   1.4888692e+05   1.0175000e+01   1.9780072e+02   1.2560671e+01   1.9780072e+02   1.2370128e+01   1.9780072e+02   1.2293911e+01
   1.4843408e+05   1.0180000e+01   3.9560143e+02   1.2557803e+01   3.9560143e+02   1.2367260e+01   3.9560143e+02   1.2291043e+01
   1.4798101e+05   1.0185000e+01   5.9340215e+02   1.2554934e+01   5.9340215e+02   1.2364392e+01   5.9340215e+02   1.2288174e+01
   1.4752772e+05   1.0190000e+01   7.9120287e+02   1.2552066e+01   7.9120287e+02   1.2361523e+01   7.9120287e+02   1.2285306e+01
   1.4707409e+05   1.0200000e+01   9.8900359e+02   1.2549198e+01   9.8900359e+02   1.2358655e+01   9.8900359e+02   1.2282438e+01
   1.4662012e+05   1.0205000e+01   1.1868043e+03   1.2546329e+01   1.1868043e+03   1.2355786e+01   1.1868043e+03   1.2279569e+01
   1.4616593e+05   1.0210000e+01   1.3846050e+03   1.2543461e+01   1.3846050e+03   1.2352918e+01   1.3846050e+03   1.2276701e+01
   1.4571151e+05   1.0215000e+01   1.5824057e+03   1.2540592e+01   1.5824057e+03   1.2350050e+01   1.5824057e+03   1.2273832e+01
   1.4525687e+05   1.0220000e+01   1.7802065e+03   1.2537724e+01   1.7802065e+03   1.2347181e+01   1.7802065e+03   1.2270964e+01
   1.4480200e+05   1.0225000e+01   1.9780072e+03   1.2534856e+01   1.9780072e+03   1.2344313e+01   1.9780072e+03   1.2268096e+01
   1.4434691e+05   1.0230000e+01   2.1758079e+03   1.2531987e+01   2.1758079e+03   1.2341444e+01   2.1758079e+03   1.2265227e+01
   1.4389159e+05   1.0235000e+01   2.3736086e+03   1.2529119e+01   2.3736086e+03   1.2338576e+01   2.3736086e+03   1.2262359e+01
   1.4343593e+05   1.0245000e+01   2.5714093e+03   1.2526250e+01   2.5714093e+03   1.2335707e+01   2.5714093e+03   1.2259490e+01
   1.4297994e+05   1.0250000e+01   2.7692100e+03   1.2523382e+01   2.7692100e+03   1.2332839e+01   2.7692100e+03   1.2256622e+01
   1.4252372e+05   1.0255000e+01   2.9670108e+03   1.2520513e+01   2.9670108e+03   1.2329971e+01   2.9670108e+03   1.2253754e+01
   1.4206717e+05   1.0265000e+01   3.1648115e+03   1.2517645e+01   3.1648115e+03   1.2327102e+01   3.1648115e+03   1.2250885e+01
   1.4161028e+05   1.0270000e+01   3.3626122e+03   1.2514777e+01   3.3626122e+03   1.2324234e+01   3.3626122e+03   1.2248017e+01
   1.4115316e+05   1.0275000e+01   3.5604129e+03   1.2511908e+01   3.5604129e+03   1.2321365e+01   3.5604129e+03   1.2245148e+01
   1.4069570e+05   1.0285000e+01   3.7582136e+03   1.2509040e+01   3.7582136e+03   1.2318497e+01   3.7582136e+03   1.2242280e+01
   1.4023791e+05   1.0290000e+01   3.9560143e+03   1.2506171e+01   3.9560143e+03   1.2315629e+01   3.9560143e+03   1.2239411e+01
   1.3977978e+05   1.0300000e+01   4.1538151e+03   1.2503303e+01   4.1538151e+03   1.2312760e+01   4.1538151e+03   1.2236543e+01
   1.3932120e+05   1.0310000e+01   4.3516158e+03   1.2500435e+01   4.3516158e+03   1.2309892e+01   4.3516158e+03   1.2233675e+01
   1.3886217e+05   1.0320000e+01   4.5494165e+03   1.2497566e+01   4.5494165e+03   1.2307023e+01   4.5494165e+03   1.2230806e+01
   1.3840269e+05   1.0330000e+01   4.7472172e+03   1.2494698e+01   4.7472172e+03   1.2304155e+01   4.7472172e+03   1.2227938e+01
   1.3794287e+05   1.0335000e+01   4.9450179e+03   1.2491829e+01   4.9450179e+03   1.2301287e+01   4.9450179e+03   1.2225069e+01
   1.3748272e+05   1.0345000e+01   5.1428187e+03   1.2488961e+01   5.1428187e+03   1.2298418e+01   5.1428187e+03   1.2222201e+01
   1.3702200e+05   1.0360000e+01   5.3406194e+03   1.2486093e+01   5.3406194e+03   1.2295550e+01   5.3406194e+03   1.2219333e+01
   1.3656072e+05   1.0370000e+01   5.5384201e+03   1.2483224e+01   5.5384201e+03   1.2292681e+01   5.5384201e+03   1.2216464e+01
   1.3609899e+05   1.0380000e+01   5.7362208e+03   1.2480356e+01   5.7362208e+03   1.2289813e+01   5.7362208e+03   1.2213596e+01
   1.3563681e+05   1.0390000e+01   5.9340215e+03   1.2477487e+01   5.9340215e+03   1.2286944e+01   5.9340215e+03   1.2210727e+01
   1.3517429e+05   1.0395000e+01   6.1318222e+03   1.2474619e+01   6.1318222e+03   1.2284076e+01   6.1318222e+03   1.2207859e+01
   1.3471132e+05   1.0410000e+01   6.3296230e+03   1.2471750e+01   6.3296230e+03   1.2281208e+01   6.3296230e+03   1.2204990e+01
   1.3424779e+05   1.0420000e+01   6.5274237e+03   1.2468882e+01   6.5274237e+03   1.2278339e+01   6.5274237e+03   1.2202122e+01
   1.3378392e+05   1.0425000e+01   6.7252244e+03   1.2466014e+01   6.7252244e+03   1.2275471e+01   6.7252244e+03   1.2199254e+01
   1.3331972e+05   1.0435000e+01   6.9230251e+03   1.2463145e+01   6.9230251e+03   1.2272602e+01   6.9230251e+03   1.2196385e+01
   1.3285506e+05   1.0445000e+01   7.1208258e+03   1.2460277e+01   7.1208258e+03   1.2269734e+01   7.1208258e+03   1.2193517e+01
   1.3238996e+05   1.0455000e+01   7.3186265e+03   1.2457408e+01   7.3186265e+03   1.2266866e+01   7.3186265e+03   1.2190648e+01
   1.3192440e+05   1.0465000e+01   7.5164273e+03   1.2454540e+01   7.5164273e+03   1.2263997e+01   7.5164273e+03   1.2187780e+01
   1.3145840e+05   1.0475000e+01   7.7142280e+03   1.2451672e+01   7.7142280e+03   1.2261129e+01   7.7142280e+03   1.2184912e+01
   1.3099194e+05   1.0485000e+01   7.9120287e+03   1.2448803e+01   7.9120287e+03   1.2258260e+01   7.9120287e+03   1.2182043e+01
   1.3052504e+05   1.0495000e+01   8.1098294e+03   1.2445935e+01   8.1098294e+03   1.2255392e+01   8.1098294e+03   1.2179175e+01
   1.3005768e+05   1.0505000e+01   8.3076301e+03   1.2443066e+01   8.3076301e+03   1.2252523e+01   8.3076301e+03   1.2176306e+01
   1.2958999e+05   1.0510000e+01   8.5054308e+03   1.2440198e+01   8.5054308e+03   1.2249655e+01   8.5054308e+03   1.2173438e+01
   1.2912196e+05   1.0520000e+01   8.7032316e+03   1.2437329e+01   8.7032316e+03   1.2246787e+01   8.7032316e+03   1.2170570e+01
   1.2865348e+05   1.0530000e+01   8.9010323e+03   1.2434461e+01   8.9010323e+03   1.2243918e+01   8.9010323e+03   1.2167701e+01
   1.2818455e+05   1.0540000e+01   9.0988330e+03   1.2431593e+01   9.0988330e+03   1.2241050e+01   9.0988330e+03   1.2164833e+01
   1.2771517e+05   1.0550000e+01   9.2966337e+03   1.2428724e+01   9.2966337e+03   1.2238181e+01   9.2966337e+03   1.2161964e+01
   1.2724534e+05   1.0560000e+01   9.4944344e+03   1.2425856e+01   9.4944344e+03   1.2235313e+01   9.4944344e+03   1.2159096e+01
   1.2677505e+05   1.0570000e+01   9.6922352e+03   1.2422987e+01   9.6922352e+03   1.2232445e+01   9.6922352e+03   1.2156227e+01
   1.2630432e+05   1.0580000e+01   9.8900359e+03   1.2420119e+01   9.8900359e+03   1.2229576e+01   9.8900359e+03   1.2153359e+01
   1.2583314e+05   1.0590000e+01   1.0087837e+04   1.2417251e+01   1.0087837e+04   1.2226708e+01   1.0087837e+04   1.2150491e+01
   1.2536163e+05   1.0595000e+01   1.0285637e+04   1.2414382e+01   1.0285637e+04   1.2223839e+01   1.0285637e+04   1.2147622e+01
   1.2488977e+05   1.0605000e+01   1.0483438e+04   1.2411514e+01   1.0483438e+04   1.2220971e+01   1.0483438e+04   1.2144754e+01
   1.2441758e+05   1.0610000e+01   1.0681239e+04   1.2408645e+01   1.0681239e+04   1.2218103e+01   1.0681239e+04   1.2141885e+01
   1.2394516e+05   1.0615000e+01   1.0879039e+04   1.2405777e+01   1.0879039e+04   1.2215234e+01   1.0879039e+04   1.2139017e+01
   1.2347240e+05   1.0625000e+01   1.1076840e+04   1.2402909e+01   1.1076840e+04   1.2212366e+01   1.1076840e+04   1.2136149e+01
   1.2299931e+05   1.0630000e+01   1.1274641e+04   1.2400040e+01   1.1274641e+04   1.2209497e+01   1.1274641e+04   1.2133280e+01
   1.2252599e+05   1.0635000e+01   1.1472442e+04   1.2397172e+01   1.1472442e+04   1.2206629e+01   1.1472442e+04   1.2130412e+01
   1.2205234e+05   1.0645000e+01   1.1670242e+04   1.2394303e+01   1.1670242e+04   1.2203760e+01   1.1670242e+04   1.2127543e+01
   1.2157835e+05   1.0650000e+01   1.1868043e+04   1.2391435e+01   1.1868043e+04   1.2200892e+01   1.1868043e+04   1.2124675e+01
   1.2110413e+05   1.0655000e+01   1.2065844e+04   1.2388566e+01   1.2065844e+04   1.2198024e+01   1.2065844e+04   1.2121806e+01
   1.2062969e+05   1.0660000e+01   1.2263644e+04   1.2385698e+01   1.2263644e+04   1.2195155e+01   1.2263644e+04   1.2118938e+01
   1.2015502e+05   1.0665000e+01   1.2461445e+04   1.2382830e+01   1.2461445e+04   1.2192287e+01   1.2461445e+04   1.2116070e+01
   1.1968012e+05   1.0670000e+01   1.2659246e+04   1.2379961e+01   1.2659246e+04   1.2189418e+01   1.2659246e+04   1.2113201e+01
   1.1920512e+05   1.0670000e+01   1.2857047e+04   1.2377093e+01   1.2857047e+04   1.2186550e+01   1.2857047e+04   1.2110333e+01
   1.1872989e+05   1.0680000e+01   1.3054847e+04   1.2374224e+01   1.3054847e+04   1.2183682e+01   1.3054847e+04   1.2107464e+01
   1.1825432e+05   1.0685000e+01   1.3252648e+04   1.2371356e+01   1.3252648e+04   1.2180813e+01   1.3252648e+04   1.2104596e+01
   1.1777853e+05   1.0690000e+01   1.3450449e+04   1.2368488e+01   1.3450449e+04   1.2177945e+01   1.3450449e+04   1.2101728e+01
   1.1730251e+05   1.0695000e+01   1.3648249e+04   1.2365619e+01   1.3648249e+04   1.2175076e+01   1.3648249e+04   1.2098859e+01
   1.1682627e+05   1.0700000e+01   1.3846050e+04   1.2362751e+01   1.3846050e+04   1.2172208e+01   1.3846050e+04   1.2095991e+01
   1.1634980e+05   1.0705000e+01   1.4043851e+04   1.2359882e+01   1.4043851e+04   1.2169339e+01   1.4043851e+04   1.2093122e+01
   1.1587311e+05   1.0710000e+01   1.4241652e+04   1.2357014e+01   1.4241652e+04   1.2166471e+01   1.4241652e+04   1.2090254e+01
   1.1539619e+05   1.0715000e+01   1.4439452e+04   1.2354145e+01   1.4439452e+04   1.2163603e+01   1.4439452e+04   1.2087386e+01
   1.1491905e+05   1.0720000e+01   1.4637253e+04   1.2351277e+01   1.4637253e+04   1.2160734e+01   1.4637253e+04   1.2084517e+01
   1.1444168e+05   1.0725000e+01   1.4835054e+04   1.2348409e+01   1.4835054e+04   1.2157866e+01   1.4835054e+04   1.2081649e+01
   1.1396409e+05   1.0730000e+01   1.5032855e+04   1.2345540e+01   1.5032855e+04   1.2154997e+01   1.5032855e+04   1.2078780e+01
   1.1348627e+05   1.0735000e+01   1.5230655e+04   1.2342672e+01   1.5230655e+04   1.2152129e+01   1.5230655e+04   1.2075912e+01
   1.1300822e+05   1.0740000e+01   1.5428456e+04   1.2339803e+01   1.5428456e+04   1.2149261e+01   1.5428456e+04   1.2073043e+01
   1.1253007e+05   1.0740000e+01   1.5626257e+04   1.2336935e+01   1.5626257e+04   1.2146392e+01   1.5626257e+04   1.2070175e+01
   1.1205180e+05   1.0745000e+01   1.5824057e+04   1.2334067e+01   1.5824057e+04   1.2143524e+01   1.5824057e+04   1.2067307e+01
   1.1157331e+05   1.0750000e+01   1.6021858e+04   1.2331198e+01   1.6021858e+04   1.2140655e+01   1.6021858e+04   1.2064438e+01
   1.1109459e+05   1.0755000e+01   1.6219659e+04   1.2328330e+01   1.6219659e+04   1.2137787e+01   1.6219659e+04   1.2061570e+01
   1.1061565e+05   1.0760000e+01   1.6417460e+04   1.2325461e+01   1.6417460e+04   1.2134919e+01   1.6417460e+04   1.2058701e+01
   1.1013648e+05   1.0765000e+01   1.6615260e+04   1.2322593e+01   1.6615260e+04   1.2132050e+01   1.6615260e+04   1.2055833e+01
   1.0965709e+05   1.0770000e+01   1.6813061e+04   1.2319725e+01   1.6813061e+04   1.2129182e+01   1.6813061e+04   1.2052965e+01
   1.0917747e+05   1.0775000e+01   1.7010862e+04   1.2316856e+01   1.7010862e+04   1.2126313e+01   1.7010862e+04   1.2050096e+01
   1.0869774e+05   1.0775000e+01   1.7208662e+04   1.2313988e+01   1.7208662e+04   1.2123445e+01   1.7208662e+04   1.2047228e+01
   1.0821790e+05   1.0780000e+01   1.7406463e+04   1.2311119e+01   1.7406463e+04   1.2120576e+01   1.7406463e+04   1.2044359e+01
   1.0773783e+05   1.0785000e+01   1.7604264e+04   1.2308251e+01   1.7604264e+04   1.2117708e+01   1.7604264e+04   1.2041491e+01
   1.0725754e+05   1.0790000e+01   1.7802065e+04   1.2305382e+01   1.7802065e+04   1.2114840e+01   1.7802065e+04   1.2038623e+01
   1.0677702e+05   1.0795000e+01   1.7999865e+04   1.2302514e+01   1.7999865e+04   1.2111971e+01   1.7999865e+04   1.2035754e+01
   1.0629639e+05   1.0795000e+01   1.8197666e+04   1.2299646e+01   1.8197666e+04   1.2109103e+01   1.8197666e+04   1.2032886e+01
   1.0581564e+05   1.0800000e+01   1.8395467e+04   1.2296777e+01   1.8395467e+04   1.2106234e+01   1.8395467e+04   1.2030017e+01
   1.0533468e+05   1.0805000e+01   1.8593267e+04   1.2293909e+01   1.8593267e+04   1.2103366e+01   1.8593267e+04   1.2027149e+01
   1.0485348e+05   1.0810000e+01   1.8791068e+04   1.2291040e+01   1.8791068e+04   1.2100498e+01   1.8791068e+04   1.2024280e+01
   1.0437207e+05   1.0815000e+01   1.8988869e+04   1.2288172e+01   1.8988869e+04   1.2097629e+01   1.8988869e+04   1.2021412e+01
   1.0389042e+05   1.0820000e+01   1.9186670e+04   1.2285304e+01   1.9186670e+04   1.2094761e+01   1.9186670e+04   1.2018544e+01
   1.0340856e+05   1.0825000e+01   1.9384470e+04   1.2282435e+01   1.9384470e+04   1.2091892e+01   1.9384470e+04   1.2015675e+01
   1.0292658e+05   1.0825000e+01   1.9582271e+04   1.2279567e+01   1.9582271e+04   1.2089024e+01   1.9582271e+04   1.2012807e+01
   1.0244448e+05   1.0830000e+01   1.9780072e+04   1.2276698e+01   1.9780072e+04   1.2086156e+01   1.9780072e+04   1.2009938e+01
   1.0196216e+05   1.0835000e+01   1.9977872e+04   1.2273830e+01   1.9977872e+04   1.2083287e+01   1.9977872e+04   1.2007070e+01
   1.0147962e+05   1.0840000e+01   2.0175673e+04   1.2270962e+01   2.0175673e+04   1.2080419e+01   2.0175673e+04   1.2004202e+01
   1.0099685e+05   1.0845000e+01   2.0373474e+04   1.2268093e+01   2.0373474e+04   1.2077550e+01   2.0373474e+04   1.2001333e+01
   1.0051386e+05   1.0850000e+01   2.0571275e+04   1.2265225e+01   2.0571275e+04   1.2074682e+01   2.0571275e+04   1.1998465e+01
   1.0003076e+05   1.0850000e+01   2.0769075e+04   1.2262356e+01   2.0769075e+04   1.2071813e+01   2.0769075e+04   1.1995596e+01
   9.9547425e+04   1.0860000e+01   2.0966876e+04   1.2259488e+01   2.0966876e+04   1.2068945e+01   2.0966876e+04   1.1992728e+01
   9.9063757e+04   1.0865000e+01   2.1164677e+04   1.2256619e+01   2.1164677e+04   1.2066077e+01   2.1164677e+04   1.1989859e+01
   9.8579977e+04   1.0865000e+01   2.1362477e+04   1.2253751e+01   2.1362477e+04   1.2063208e+01   2.1362477e+04   1.1986991e+01
   9.8096084e+04   1.0870000e+01   2.1560278e+04   1.2250883e+01   2.1560278e+04   1.2060340e+01   2.1560278e+04   1.1984123e+01
   9.7611966e+04   1.0875000e+01   2.1758079e+04   1.2248014e+01   2.1758079e+04   1.2057471e+01   2.1758079e+04   1.1981254e+01
   9.7127286e+04   1.0895000e+01   2.1955880e+04   1.2245146e+01   2.1955880e+04   1.2054603e+01   2.1955880e+04   1.1978386e+01
   9.6642043e+04   1.0900000e+01   2.2153680e+04   1.2242277e+01   2.2153680e+04   1.2051735e+01   2.2153680e+04   1.1975517e+01
   9.6156575e+04   1.0905000e+01   2.2351481e+04   1.2239409e+01   2.2351481e+04   1.2048866e+01   2.2351481e+04   1.1972649e+01
   9.5670882e+04   1.0910000e+01   2.2549282e+04   1.2236541e+01   2.2549282e+04   1.2045998e+01   2.2549282e+04   1.1969781e+01
   9.5184965e+04   1.0915000e+01   2.2747082e+04   1.2233672e+01   2.2747082e+04   1.2043129e+01   2.2747082e+04   1.1966912e+01
   9.4698822e+04   1.0920000e+01   2.2944883e+04   1.2230804e+01   2.2944883e+04   1.2040261e+01   2.2944883e+04   1.1964044e+01
   9.4212566e+04   1.0920000e+01   2.3142684e+04   1.2227935e+01   2.3142684e+04   1.2037392e+01   2.3142684e+04   1.1961175e+01
   9.3726199e+04   1.0925000e+01   2.3340485e+04   1.2225067e+01   2.3340485e+04   1.2034524e+01   2.3340485e+04   1.1958307e+01
   9.3239493e+04   1.0935000e+01   2.3538285e+04   1.2222198e+01   2.3538285e+04   1.2031656e+01   2.3538285e+04   1.1955439e+01
   9.2752563e+04   1.0935000e+01   2.3736086e+04   1.2219330e+01   2.3736086e+04   1.2028787e+01   2.3736086e+04   1.1952570e+01
   9.2265520e+04   1.0940000e+01   2.3933887e+04   1.2216462e+01   2.3933887e+04   1.2025919e+01   2.3933887e+04   1.1949702e+01
   9.1778252e+04   1.0945000e+01   2.4131688e+04   1.2213593e+01   2.4131688e+04   1.2023050e+01   2.4131688e+04   1.1946833e+01
   9.1290759e+04   1.0950000e+01   2.4329488e+04   1.2210725e+01   2.4329488e+04   1.2020182e+01   2.4329488e+04   1.1943965e+01
   9.0803041e+04   1.0955000e+01   2.4527289e+04   1.2207856e+01   2.4527289e+04   1.2017314e+01   2.4527289e+04   1.1941096e+01
   9.0315099e+04   1.0960000e+01   2.4725090e+04   1.2204988e+01   2.4725090e+04   1.2014445e+01   2.4725090e+04   1.1938228e+01
   8.9826931e+04   1.0965000e+01   2.4922890e+04   1.2202120e+01   2.4922890e+04   1.2011577e+01   2.4922890e+04   1.1935360e+01
   8.9338538e+04   1.0970000e+01   2.5120691e+04   1.2199251e+01   2.5120691e+04   1.2008708e+01   2.5120691e+04   1.1932491e+01
   8.8850033e+04   1.0970000e+01   2.5318492e+04   1.2196383e+01   2.5318492e+04   1.2005840e+01   2.5318492e+04   1.1929623e+01
   8.8361302e+04   1.0980000e+01   2.5516293e+04   1.2193514e+01   2.5516293e+04   1.2002972e+01   2.5516293e+04   1.1926754e+01
   8.7872347e+04   1.0980000e+01   2.5714093e+04   1.2190646e+01   2.5714093e+04   1.2000103e+01   2.5714093e+04   1.1923886e+01
   8.7383279e+04   1.0985000e+01   2.5911894e+04   1.2187778e+01   2.5911894e+04   1.1997235e+01   2.5911894e+04   1.1921018e+01
   8.6893986e+04   1.0990000e+01   2.6109695e+04   1.2184909e+01   2.6109695e+04   1.1994366e+01   2.6109695e+04   1.1918149e+01
   8.6404468e+04   1.0995000e+01   2.6307495e+04   1.2182041e+01   2.6307495e+04   1.1991498e+01   2.6307495e+04   1.1915281e+01
   8.5914726e+04   1.1000000e+01   2.6505296e+04   1.2179172e+01   2.6505296e+04   1.1988629e+01   2.6505296e+04   1.1912412e+01
   8.5424758e+04   1.1005000e+01   2.6703097e+04   1.2176304e+01   2.6703097e+04   1.1985761e+01   2.6703097e+04   1.1909544e+01
   8.4934565e+04   1.1010000e+01   2.6900898e+04   1.2173435e+01   2.6900898e+04   1.1982893e+01   2.6900898e+04   1.1906676e+01
   8.4444147e+04   1.1015000e+01   2.7098698e+04   1.2170567e+01   2.7098698e+04   1.1980024e+01   2.7098698e+04   1.1903807e+01
   8.3953504e+04   1.1020000e+01   2.7296499e+04   1.2167699e+01   2.7296499e+04   1.1977156e+01   2.7296499e+04   1.1900939e+01
   8.3462636e+04   1.1025000e+01   2.7494300e+04   1.2164830e+01   2.7494300e+04   1.1974287e+01   2.7494300e+04   1.1898070e+01
   8.2971543e+04   1.1030000e+01   2.7692100e+04   1.2161962e+01   2.7692100e+04   1.1971419e+01   2.7692100e+04   1.1895202e+01
   8.2480226e+04   1.1035000e+01   2.7889901e+04   1.2159093e+01   2.7889901e+04   1.1968551e+01   2.7889901e+04   1.1892333e+01
   8.1988683e+04   1.1040000e+01   2.8087702e+04   1.2156225e+01   2.8087702e+04   1.1965682e+01   2.8087702e+04   1.1889465e+01
   8.1496915e+04   1.1045000e+01   2.8285503e+04   1.2153357e+01   2.8285503e+04   1.1962814e+01   2.8285503e+04   1.1886597e+01
   8.1004810e+04   1.1055000e+01   2.8483303e+04   1.2150488e+01   2.8483303e+04   1.1959945e+01   2.8483303e+04   1.1883728e+01
   8.0512367e+04   1.1060000e+01   2.8681104e+04   1.2147620e+01   2.8681104e+04   1.1957077e+01   2.8681104e+04   1.1880860e+01
   8.0019699e+04   1.1065000e+01   2.8878905e+04   1.2144751e+01   2.8878905e+04   1.1954209e+01   2.8878905e+04   1.1877991e+01
   7.9526806e+04   1.1070000e+01   2.9076705e+04   1.2141883e+01   2.9076705e+04   1.1951340e+01   2.9076705e+04   1.1875123e+01
   7.9033688e+04   1.1075000e+01   2.9274506e+04   1.2139015e+01   2.9274506e+04   1.1948472e+01   2.9274506e+04   1.1872255e+01
   7.8540345e+04   1.1080000e+01   2.9472307e+04   1.2136146e+01   2.9472307e+04   1.1945603e+01   2.9472307e+04   1.1869386e+01
   7.8046665e+04   1.1090000e+01   2.9670108e+04   1.2133278e+01   2.9670108e+04   1.1942735e+01   2.9670108e+04   1.1866518e+01
   7.7552647e+04   1.1095000e+01   2.9867908e+04   1.2130409e+01   2.9867908e+04   1.1939866e+01   2.9867908e+04   1.1863649e+01
   7.7058404e+04   1.1100000e+01   3.0065709e+04   1.2127541e+01   3.0065709e+04   1.1936998e+01   3.0065709e+04   1.1860781e+01
   7.6563937e+04   1.1105000e+01   3.0263510e+04   1.2124672e+01   3.0263510e+04   1.1934130e+01   3.0263510e+04   1.1857912e+01
   7.6069131e+04   1.1115000e+01   3.0461310e+04   1.2121804e+01   3.0461310e+04   1.1931261e+01   3.0461310e+04   1.1855044e+01
   7.5573988e+04   1.1120000e+01   3.0659111e+04   1.2118936e+01   3.0659111e+04   1.1928393e+01   3.0659111e+04   1.1852176e+01
   7.5078620e+04   1.1125000e+01   3.0856912e+04   1.2116067e+01   3.0856912e+04   1.1925524e+01   3.0856912e+04   1.1849307e+01
   7.4582915e+04   1.1135000e+01   3.1054713e+04   1.2113199e+01   3.1054713e+04   1.1922656e+01   3.1054713e+04   1.1846439e+01
   7.4086760e+04   1.1145000e+01   3.1252513e+04   1.2110330e+01   3.1252513e+04   1.1919788e+01   3.1252513e+04   1.1843570e+01
   7.3590267e+04   1.1150000e+01   3.1450314e+04   1.2107462e+01   3.1450314e+04   1.1916919e+01   3.1450314e+04   1.1840702e+01
   7.3093437e+04   1.1160000e+01   3.1648115e+04   1.2104594e+01   3.1648115e+04   1.1914051e+01   3.1648115e+04   1.1837834e+01
   7.2596156e+04   1.1170000e+01   3.1845915e+04   1.2101725e+01   3.1845915e+04   1.1911182e+01   3.1845915e+04   1.1834965e+01
   7.2098426e+04   1.1180000e+01   3.2043716e+04   1.2098857e+01   3.2043716e+04   1.1908314e+01   3.2043716e+04   1.1832097e+01
   7.1600246e+04   1.1190000e+01   3.2241517e+04   1.2095988e+01   3.2241517e+04   1.1905445e+01   3.2241517e+04   1.1829228e+01
   7.1101615e+04   1.1200000e+01   3.2439318e+04   1.2093120e+01   3.2439318e+04   1.1902577e+01   3.2439318e+04   1.1826360e+01
   7.0602535e+04   1.1210000e+01   3.2637118e+04   1.2090251e+01   3.2637118e+04   1.1899709e+01   3.2637118e+04   1.1823492e+01
   7.0103005e+04   1.1220000e+01   3.2834919e+04   1.2087383e+01   3.2834919e+04   1.1896840e+01   3.2834919e+04   1.1820623e+01
   6.9602912e+04   1.1235000e+01   3.3032720e+04   1.2084515e+01   3.3032720e+04   1.1893972e+01   3.3032720e+04   1.1817755e+01
   6.9102256e+04   1.1245000e+01   3.3230521e+04   1.2081646e+01   3.3230521e+04   1.1891103e+01   3.3230521e+04   1.1814886e+01
   6.8601151e+04   1.1255000e+01   3.3428321e+04   1.2078778e+01   3.3428321e+04   1.1888235e+01   3.3428321e+04   1.1812018e+01
   6.8099596e+04   1.1265000e+01   3.3626122e+04   1.2075909e+01   3.3626122e+04   1.1885367e+01   3.3626122e+04   1.1809149e+01
   6.7597703e+04   1.1270000e+01   3.3823923e+04   1.2073041e+01   3.3823923e+04   1.1882498e+01   3.3823923e+04   1.1806281e+01
   6.7095472e+04   1.1280000e+01   3.4021723e+04   1.2070173e+01   3.4021723e+04   1.1879630e+01   3.4021723e+04   1.1803413e+01
   6.6592792e+04   1.1290000e+01   3.4219524e+04   1.2067304e+01   3.4219524e+04   1.1876761e+01   3.4219524e+04   1.1800544e+01
   6.6089662e+04   1.1300000e+01   3.4417325e+04   1.2064436e+01   3.4417325e+04   1.1873893e+01   3.4417325e+04   1.1797676e+01
   6.5586194e+04   1.1305000e+01   3.4615126e+04   1.2061567e+01   3.4615126e+04   1.1871025e+01   3.4615126e+04   1.1794807e+01
   6.5082501e+04   1.1310000e+01   3.4812926e+04   1.2058699e+01   3.4812926e+04   1.1868156e+01   3.4812926e+04   1.1791939e+01
   6.4578471e+04   1.1320000e+01   3.5010727e+04   1.2055831e+01   3.5010727e+04   1.1865288e+01   3.5010727e+04   1.1789071e+01
   6.4074103e+04   1.1325000e+01   3.5208528e+04   1.2052962e+01   3.5208528e+04   1.1862419e+01   3.5208528e+04   1.1786202e+01
   6.3569398e+04   1.1335000e+01   3.5406328e+04   1.2050094e+01   3.5406328e+04   1.1859551e+01   3.5406328e+04   1.1783334e+01
   6.3064242e+04   1.1345000e+01   3.5604129e+04   1.2047225e+01   3.5604129e+04   1.1856682e+01   3.5604129e+04   1.1780465e+01
   6.2558749e+04   1.1350000e+01   3.5801930e+04   1.2044357e+01   3.5801930e+04   1.1853814e+01   3.5801930e+04   1.1777597e+01
   6.2052919e+04   1.1360000e+01   3.5999731e+04   1.2041488e+01   3.5999731e+04   1.1850946e+01   3.5999731e+04   1.1774729e+01
   6.1546751e+04   1.1365000e+01   3.6197531e+04   1.2038620e+01   3.6197531e+04   1.1848077e+01   3.6197531e+04   1.1771860e+01
   6.1040246e+04   1.1375000e+01   3.6395332e+04   1.2035752e+01   3.6395332e+04   1.1845209e+01   3.6395332e+04   1.1768992e+01
   6.0533403e+04   1.1380000e+01   3.6593133e+04   1.2032883e+01   3.6593133e+04   1.1842340e+01   3.6593133e+04   1.1766123e+01
   6.0026223e+04   1.1390000e+01   3.6790933e+04   1.2030015e+01   3.6790933e+04   1.1839472e+01   3.6790933e+04   1.1763255e+01
   5.9518592e+04   1.1400000e+01   3.6988734e+04   1.2027146e+01   3.6988734e+04   1.1836604e+01   3.6988734e+04   1.1760386e+01
   5.9010512e+04   1.1410000e+01   3.7186535e+04   1.2024278e+01   3.7186535e+04   1.1833735e+01   3.7186535e+04   1.1757518e+01
   5.8502094e+04   1.1415000e+01   3.7384336e+04   1.2021410e+01   3.7384336e+04   1.1830867e+01   3.7384336e+04   1.1754650e+01
   5.7993339e+04   1.1425000e+01   3.7582136e+04   1.2018541e+01   3.7582136e+04   1.1827998e+01   3.7582136e+04   1.1751781e+01
   5.7484246e+04   1.1430000e+01   3.7779937e+04   1.2015673e+01   3.7779937e+04   1.1825130e+01   3.7779937e+04   1.1748913e+01
   5.6974816e+04   1.1440000e+01   3.7977738e+04   1.2012804e+01   3.7977738e+04   1.1822262e+01   3.7977738e+04   1.1746044e+01
   5.6464935e+04   1.1450000e+01   3.8175538e+04   1.2009936e+01   3.8175538e+04   1.1819393e+01   3.8175538e+04   1.1743176e+01
   5.5954717e+04   1.1455000e+01   3.8373339e+04   1.2007068e+01   3.8373339e+04   1.1816525e+01   3.8373339e+04   1.1740308e+01
   5.5444162e+04   1.1465000e+01   3.8571140e+04   1.2004199e+01   3.8571140e+04   1.1813656e+01   3.8571140e+04   1.1737439e+01
   5.4933269e+04   1.1470000e+01   3.8768941e+04   1.2001331e+01   3.8768941e+04   1.1810788e+01   3.8768941e+04   1.1734571e+01
   5.4422039e+04   1.1480000e+01   3.8966741e+04   1.1998462e+01   3.8966741e+04   1.1807919e+01   3.8966741e+04   1.1731702e+01
   5.3910359e+04   1.1490000e+01   3.9164542e+04   1.1995594e+01   3.9164542e+04   1.1805051e+01   3.9164542e+04   1.1728834e+01
   5.3398341e+04   1.1495000e+01   3.9362343e+04   1.1992725e+01   3.9362343e+04   1.1802183e+01   3.9362343e+04   1.1725965e+01
   5.2885985e+04   1.1505000e+01   3.9560143e+04   1.1989857e+01   3.9560143e+04   1.1799314e+01   3.9560143e+04   1.1723097e+01
   5.2373180e+04   1.1515000e+01   3.9757944e+04   1.1986989e+01   3.9757944e+04   1.1796446e+01   3.9757944e+04   1.1720229e+01
   5.1860037e+04   1.1520000e+01   3.9955745e+04   1.1984120e+01   3.9955745e+04   1.1793577e+01   3.9955745e+04   1.1717360e+01
   5.1346557e+04   1.1530000e+01   4.0153546e+04   1.1981252e+01   4.0153546e+04   1.1790709e+01   4.0153546e+04   1.1714492e+01
   5.0832739e+04   1.1535000e+01   4.0351346e+04   1.1978383e+01   4.0351346e+04   1.1787841e+01   4.0351346e+04   1.1711623e+01
   5.0318584e+04   1.1545000e+01   4.0549147e+04   1.1975515e+01   4.0549147e+04   1.1784972e+01   4.0549147e+04   1.1708755e+01
   4.9803978e+04   1.1555000e+01   4.0746948e+04   1.1972647e+01   4.0746948e+04   1.1782104e+01   4.0746948e+04   1.1705887e+01
   4.9288923e+04   1.1565000e+01   4.0944748e+04   1.1969778e+01   4.0944748e+04   1.1779235e+01   4.0944748e+04   1.1703018e+01
   4.8773530e+04   1.1570000e+01   4.1142549e+04   1.1966910e+01   4.1142549e+04   1.1776367e+01   4.1142549e+04   1.1700150e+01
   4.8257912e+04   1.1575000e+01   4.1340350e+04   1.1964041e+01   4.1340350e+04   1.1773498e+01   4.1340350e+04   1.1697281e+01
   4.7741957e+04   1.1585000e+01   4.1538151e+04   1.1961173e+01   4.1538151e+04   1.1770630e+01   4.1538151e+04   1.1694413e+01
   4.7225552e+04   1.1595000e+01   4.1735951e+04   1.1958304e+01   4.1735951e+04   1.1767762e+01   4.1735951e+04   1.1691545e+01
   4.6708809e+04   1.1600000e+01   4.1933752e+04   1.1955436e+01   4.1933752e+04   1.1764893e+01   4.1933752e+04   1.1688676e+01
   4.6191728e+04   1.1610000e+01   4.2131553e+04   1.1952568e+01   4.2131553e+04   1.1762025e+01   4.2131553e+04   1.1685808e+01
   4.5674311e+04   1.1615000e+01   4.2329354e+04   1.1949699e+01   4.2329354e+04   1.1759156e+01   4.2329354e+04   1.1682939e+01
   4.5156668e+04   1.1620000e+01   4.2527154e+04   1.1946831e+01   4.2527154e+04   1.1756288e+01   4.2527154e+04   1.1680071e+01
   4.4638687e+04   1.1630000e+01   4.2724955e+04   1.1943962e+01   4.2724955e+04   1.1753420e+01   4.2724955e+04   1.1677202e+01
   4.4120257e+04   1.1640000e+01   4.2922756e+04   1.1941094e+01   4.2922756e+04   1.1750551e+01   4.2922756e+04   1.1674334e+01
   4.3601489e+04   1.1645000e+01   4.3120556e+04   1.1938226e+01   4.3120556e+04   1.1747683e+01   4.3120556e+04   1.1671466e+01
   4.3082384e+04   1.1655000e+01   4.3318357e+04   1.1935357e+01   4.3318357e+04   1.1744814e+01   4.3318357e+04   1.1668597e+01
   4.2562941e+04   1.1660000e+01   4.3516158e+04   1.1932489e+01   4.3516158e+04   1.1741946e+01   4.3516158e+04   1.1665729e+01
   4.2043161e+04   1.1670000e+01   4.3713959e+04   1.1929620e+01   4.3713959e+04   1.1739078e+01   4.3713959e+04   1.1662860e+01
   4.1523043e+04   1.1675000e+01   4.3911759e+04   1.1926752e+01   4.3911759e+04   1.1736209e+01   4.3911759e+04   1.1659992e+01
   4.1002587e+04   1.1685000e+01   4.4109560e+04   1.1923884e+01   4.4109560e+04   1.1733341e+01   4.4109560e+04   1.1657124e+01
   4.0481795e+04   1.1690000e+01   4.4307361e+04   1.1921015e+01   4.4307361e+04   1.1730472e+01   4.4307361e+04   1.1654255e+01
   3.9960664e+04   1.1700000e+01   4.4505161e+04   1.1918147e+01   4.4505161e+04   1.1727604e+01   4.4505161e+04   1.1651387e+01
   3.9439196e+04   1.1705000e+01   4.4702962e+04   1.1915278e+01   4.4702962e+04   1.1724735e+01   4.4702962e+04   1.1648518e+01
   3.8917391e+04   1.1715000e+01   4.4900763e+04   1.1912410e+01   4.4900763e+04   1.1721867e+01   4.4900763e+04   1.1645650e+01
   3.8395248e+04   1.1720000e+01   4.5098564e+04   1.1909541e+01   4.5098564e+04   1.1718999e+01   4.5098564e+04   1.1642781e+01
   3.7872768e+04   1.1730000e+01   4.5296364e+04   1.1906673e+01   4.5296364e+04   1.1716130e+01   4.5296364e+04   1.1639913e+01
   3.7349950e+04   1.1735000e+01   4.5494165e+04   1.1903805e+01   4.5494165e+04   1.1713262e+01   4.5494165e+04   1.1637045e+01
   3.6826907e+04   1.1740000e+01   4.5691966e+04   1.1900936e+01   4.5691966e+04   1.1710393e+01   4.5691966e+04   1.1634176e+01
   3.6303527e+04   1.1750000e+01   4.5889766e+04   1.1898068e+01   4.5889766e+04   1.1707525e+01   4.5889766e+04   1.1631308e+01
   3.5779809e+04   1.1755000e+01   4.6087567e+04   1.1895199e+01   4.6087567e+04   1.1704657e+01   4.6087567e+04   1.1628439e+01
   3.5255754e+04   1.1765000e+01   4.6285368e+04   1.1892331e+01   4.6285368e+04   1.1701788e+01   4.6285368e+04   1.1625571e+01
   3.4731361e+04   1.1770000e+01   4.6483169e+04   1.1889463e+01   4.6483169e+04   1.1698920e+01   4.6483169e+04   1.1622703e+01
   3.4206743e+04   1.1775000e+01   4.6680969e+04   1.1886594e+01   4.6680969e+04   1.1696051e+01   4.6680969e+04   1.1619834e+01
   3.3681900e+04   1.1780000e+01   4.6878770e+04   1.1883726e+01   4.6878770e+04   1.1693183e+01   4.6878770e+04   1.1616966e+01
   3.3156720e+04   1.1790000e+01   4.7076571e+04   1.1880857e+01   4.7076571e+04   1.1690314e+01   4.7076571e+04   1.1614097e+01
   3.2631202e+04   1.1795000e+01   4.7274371e+04   1.1877989e+01   4.7274371e+04   1.1687446e+01   4.7274371e+04   1.1611229e+01
   3.2105459e+04   1.1800000e+01   4.7472172e+04   1.1875120e+01   4.7472172e+04   1.1684578e+01   4.7472172e+04   1.1608361e+01
   3.1579379e+04   1.1810000e+01   4.7669973e+04   1.1872252e+01   4.7669973e+04   1.1681709e+01   4.7669973e+04   1.1605492e+01
   3.1052961e+04   1.1815000e+01   4.7867774e+04   1.1869384e+01   4.7867774e+04   1.1678841e+01   4.7867774e+04   1.1602624e+01
   3.0526206e+04   1.1825000e+01   4.8065574e+04   1.1866515e+01   4.8065574e+04   1.1675972e+01   4.8065574e+04   1.1599755e+01
   2.9999113e+04   1.1830000e+01   4.8263375e+04   1.1863647e+01   4.8263375e+04   1.1673104e+01   4.8263375e+04   1.1596887e+01
   2.9471682e+04   1.1840000e+01   4.8461176e+04   1.1860778e+01   4.8461176e+04   1.1670236e+01   4.8461176e+04   1.1594018e+01
   2.8943915e+04   1.1845000e+01   4.8658976e+04   1.1857910e+01   4.8658976e+04   1.1667367e+01   4.8658976e+04   1.1591150e+01
   2.8415922e+04   1.1850000e+01   4.8856777e+04   1.1855042e+01   4.8856777e+04   1.1664499e+01   4.8856777e+04   1.1588282e+01
   2.7887591e+04   1.1860000e+01   4.9054578e+04   1.1852173e+01   4.9054578e+04   1.1661630e+01   4.9054578e+04   1.1585413e+01
   2.7358924e+04   1.1865000e+01   4.9252379e+04   1.1849305e+01   4.9252379e+04   1.1658762e+01   4.9252379e+04   1.1582545e+01
   2.6829918e+04   1.1875000e+01   4.9450179e+04   1.1846436e+01   4.9450179e+04   1.1655894e+01   4.9450179e+04   1.1579676e+01
   2.6300463e+04   1.1885000e+01   4.9647980e+04   1.1843568e+01   4.9647980e+04   1.1653025e+01   4.9647980e+04   1.1576808e+01
   2.5770670e+04   1.1890000e+01   4.9845781e+04   1.1840700e+01   4.9845781e+04   1.1650157e+01   4.9845781e+04   1.1573940e+01
   2.5240652e+04   1.1895000e+01   5.0043581e+04   1.1837831e+01   5.0043581e+04   1.1647288e+01   5.0043581e+04   1.1571071e+01
   2.4710297e+04   1.1905000e+01   5.0241382e+04   1.1834963e+01   5.0241382e+04   1.1644420e+01   5.0241382e+04   1.1568203e+01
   2.4179604e+04   1.1910000e+01   5.0439183e+04   1.1832094e+01   5.0439183e+04   1.1641551e+01   5.0439183e+04   1.1565334e+01
   2.3648574e+04   1.1920000e+01   5.0636984e+04   1.1829226e+01   5.0636984e+04   1.1638683e+01   5.0636984e+04   1.1562466e+01
   2.3117093e+04   1.1930000e+01   5.0834784e+04   1.1826357e+01   5.0834784e+04   1.1635815e+01   5.0834784e+04   1.1559598e+01
   2.2585275e+04   1.1935000e+01   5.1032585e+04   1.1823489e+01   5.1032585e+04   1.1632946e+01   5.1032585e+04   1.1556729e+01
   2.2053120e+04   1.1945000e+01   5.1230386e+04   1.1820621e+01   5.1230386e+04   1.1630078e+01   5.1230386e+04   1.1553861e+01
   2.1520627e+04   1.1950000e+01   5.1428187e+04   1.1817752e+01   5.1428187e+04   1.1627209e+01   5.1428187e+04   1.1550992e+01
   2.0987797e+04   1.1960000e+01   5.1625987e+04   1.1814884e+01   5.1625987e+04   1.1624341e+01   5.1625987e+04   1.1548124e+01
   2.0454517e+04   1.1970000e+01   5.1823788e+04   1.1812015e+01   5.1823788e+04   1.1621473e+01   5.1823788e+04   1.1545255e+01
   1.9920899e+04   1.1975000e+01   5.2021589e+04   1.1809147e+01   5.2021589e+04   1.1618604e+01   5.2021589e+04   1.1542387e+01
   1.9386943e+04   1.1985000e+01   5.2219389e+04   1.1806279e+01   5.2219389e+04   1.1615736e+01   5.2219389e+04   1.1539519e+01
   1.8852538e+04   1.1995000e+01   5.2417190e+04   1.1803410e+01   5.2417190e+04   1.1612867e+01   5.2417190e+04   1.1536650e+01
   1.8317683e+04   1.2005000e+01   5.2614991e+04   1.1800542e+01   5.2614991e+04   1.1609999e+01   5.2614991e+04   1.1533782e+01
   1.7782377e+04   1.2015000e+01   5.2812792e+04   1.1797673e+01   5.2812792e+04   1.1607131e+01   5.2812792e+04   1.1530913e+01
   1.7246734e+04   1.2020000e+01   5.3010592e+04   1.1794805e+01   5.3010592e+04   1.1604262e+01   5.3010592e+04   1.1528045e+01
   1.6710754e+04   1.2030000e+01   5.3208393e+04   1.1791937e+01   5.3208393e+04   1.1601394e+01   5.3208393e+04   1.1525177e+01
   1.6174324e+04   1.2040000e+01   5.3406194e+04   1.1789068e+01   5.3406194e+04   1.1598525e+01   5.3406194e+04   1.1522308e+01
   1.5637556e+04   1.2045000e+01   5.3603994e+04   1.1786200e+01   5.3603994e+04   1.1595657e+01   5.3603994e+04   1.1519440e+01
   1.5100451e+04   1.2055000e+01   5.3801795e+04   1.1783331e+01   5.3801795e+04   1.1592788e+01   5.3801795e+04   1.1516571e+01
   1.4562895e+04   1.2065000e+01   5.3999596e+04   1.1780463e+01   5.3999596e+04   1.1589920e+01   5.3999596e+04   1.1513703e+01
   1.4024890e+04   1.2075000e+01   5.4197397e+04   1.1777594e+01   5.4197397e+04   1.1587052e+01   5.4197397e+04   1.1510834e+01
   1.3486435e+04   1.2085000e+01   5.4395197e+04   1.1774726e+01   5.4395197e+04   1.1584183e+01   5.4395197e+04   1.1507966e+01
   1.2947529e+04   1.2095000e+01   5.4592998e+04   1.1771858e+01   5.4592998e+04   1.1581315e+01   5.4592998e+04   1.1505098e+01
   1.2408174e+04   1.2105000e+01   5.4790799e+04   1.1768989e+01   5.4790799e+04   1.1578446e+01   5.4790799e+04   1.1502229e+01
   1.1868256e+04   1.2120000e+01   5.4988599e+04   1.1766121e+01   5.4988599e+04   1.1575578e+01   5.4988599e+04   1.1499361e+01
   1.1327551e+04   1.2140000e+01   5.5186400e+04   1.1763252e+01   5.5186400e+04   1.1572710e+01   5.5186400e+04   1.1496492e+01
   1.0786283e+04   1.2145000e+01   5.5384201e+04   1.1760384e+01   5.5384201e+04   1.1569841e+01   5.5384201e+04   1.1493624e+01
   1.0244678e+04   1.2155000e+01   5.5582002e+04   1.1757516e+01   5.5582002e+04   1.1566973e+01   5.5582002e+04   1.1490756e+01
   9.7026222e+03   1.2165000e+01   5.5779802e+04   1.1754647e+01   5.5779802e+04   1.1564104e+01   5.5779802e+04   1.1487887e+01
   9.1601168e+03   1.2175000e+01   5.5977603e+04   1.1751779e+01   5.5977603e+04   1.1561236e+01   5.5977603e+04   1.1485019e+01
   8.6171615e+03   1.2185000e+01   5.6175404e+04   1.1748910e+01   5.6175404e+04   1.1558367e+01   5.6175404e+04   1.1482150e+01
   8.0736436e+03   1.2200000e+01   5.6373204e+04   1.1746042e+01   5.6373204e+04   1.1555499e+01   5.6373204e+04   1.1479282e+01
   1.4933954e+05   1.0320000e+01   5.6571005e+04   1.1743173e+01   5.6571005e+04   1.1552631e+01   5.6571005e+04   1.1476414e+01
   1.4914961e+05   1.0320000e+01   5.6768806e+04   1.1740305e+01   5.6768806e+04   1.1549762e+01   5.6768806e+04   1.1473545e+01
   1.4895964e+05   1.0325000e+01   5.6966607e+04   1.1737437e+01   5.6966607e+04   1.1546894e+01   5.6966607e+04   1.1470677e+01
   1.4876962e+05   1.0325000e+01   5.7164407e+04   1.1734568e+01   5.7164407e+04   1.1544025e+01   5.7164407e+04   1.1467808e+01
   1.4857955e+05   1.0330000e+01   5.7362208e+04   1.1731700e+01   5.7362208e+04   1.1541157e+01   5.7362208e+04   1.1464940e+01
   1.4838944e+05   1.0330000e+01   5.7560009e+04   1.1728831e+01   5.7560009e+04   1.1538289e+01   5.7560009e+04   1.1462071e+01
   1.4819927e+05   1.0335000e+01   5.7757809e+04   1.1725963e+01   5.7757809e+04   1.1535420e+01   5.7757809e+04   1.1459203e+01
   1.4800907e+05   1.0335000e+01   5.7955610e+04   1.1723095e+01   5.7955610e+04   1.1532552e+01   5.7955610e+04   1.1456335e+01
   1.4781881e+05   1.0340000e+01   5.8153411e+04   1.1720226e+01   5.8153411e+04   1.1529683e+01   5.8153411e+04   1.1453466e+01
   1.4762846e+05   1.0345000e+01   5.8351212e+04   1.1717358e+01   5.8351212e+04   1.1526815e+01   5.8351212e+04   1.1450598e+01
   1.4743802e+05   1.0350000e+01   5.8549012e+04   1.1714489e+01   5.8549012e+04   1.1523947e+01   5.8549012e+04   1.1447729e+01
   1.4724753e+05   1.0350000e+01   5.8746813e+04   1.1711621e+01   5.8746813e+04   1.1521078e+01   5.8746813e+04   1.1444861e+01
   1.4648519e+05   1.0360000e+01   5.8944614e+04   1.1708753e+01   5.8944614e+04   1.1518210e+01   5.8944614e+04   1.1441993e+01
   1.4572192e+05   1.0375000e+01   5.9142414e+04   1.1705884e+01   5.9142414e+04   1.1515341e+01   5.9142414e+04   1.1439124e+01
   1.4495771e+05   1.0385000e+01   5.9340215e+04   1.1703016e+01   5.9340215e+04   1.1512473e+01   5.9340215e+04   1.1436256e+01
   1.4419257e+05   1.0400000e+01   5.9538016e+04   1.1700147e+01   5.9538016e+04   1.1509604e+01   5.9538016e+04   1.1433387e+01
   1.4342629e+05   1.0415000e+01   5.9735817e+04   1.1697279e+01   5.9735817e+04   1.1506736e+01   5.9735817e+04   1.1430519e+01
   1.4265890e+05   1.0430000e+01   5.9933617e+04   1.1694410e+01   5.9933617e+04   1.1503868e+01   5.9933617e+04   1.1427651e+01
   1.4189038e+05   1.0445000e+01   6.0131418e+04   1.1691542e+01   6.0131418e+04   1.1500999e+01   6.0131418e+04   1.1424782e+01
   1.4112054e+05   1.0465000e+01   6.0329219e+04   1.1688674e+01   6.0329219e+04   1.1498131e+01   6.0329219e+04   1.1421914e+01
   1.4034939e+05   1.0480000e+01   6.0527020e+04   1.1685805e+01   6.0527020e+04   1.1495262e+01   6.0527020e+04   1.1419045e+01
   1.3957712e+05   1.0495000e+01   6.0724820e+04   1.1682937e+01   6.0724820e+04   1.1492394e+01   6.0724820e+04   1.1416177e+01
   1.3880354e+05   1.0515000e+01   6.0922621e+04   1.1680068e+01   6.0922621e+04   1.1489526e+01   6.0922621e+04   1.1413308e+01
   1.3802864e+05   1.0530000e+01   6.1120422e+04   1.1677200e+01   6.1120422e+04   1.1486657e+01   6.1120422e+04   1.1410440e+01
   1.3725243e+05   1.0550000e+01   6.1318222e+04   1.1674332e+01   6.1318222e+04   1.1483789e+01   6.1318222e+04   1.1407572e+01
   1.3647491e+05   1.0565000e+01   6.1516023e+04   1.1671463e+01   6.1516023e+04   1.1480920e+01   6.1516023e+04   1.1404703e+01
   1.3569608e+05   1.0585000e+01   6.1713824e+04   1.1668595e+01   6.1713824e+04   1.1478052e+01   6.1713824e+04   1.1401835e+01
   1.3491593e+05   1.0600000e+01   6.1911625e+04   1.1665726e+01   6.1911625e+04   1.1475184e+01   6.1911625e+04   1.1398966e+01
   1.3413466e+05   1.0615000e+01   6.2109425e+04   1.1662858e+01   6.2109425e+04   1.1472315e+01   6.2109425e+04   1.1396098e+01
   1.3335207e+05   1.0635000e+01   6.2307226e+04   1.1659990e+01   6.2307226e+04   1.1469447e+01   6.2307226e+04   1.1393230e+01
   1.3256818e+05   1.0650000e+01   6.2505027e+04   1.1657121e+01   6.2505027e+04   1.1466578e+01   6.2505027e+04   1.1390361e+01
   1.3178316e+05   1.0665000e+01   6.2702827e+04   1.1654253e+01   6.2702827e+04   1.1463710e+01   6.2702827e+04   1.1387493e+01
   1.3099701e+05   1.0680000e+01   6.2900628e+04   1.1651384e+01   6.2900628e+04   1.1460841e+01   6.2900628e+04   1.1384624e+01
   1.3020955e+05   1.0700000e+01   6.3098429e+04   1.1648516e+01   6.3098429e+04   1.1457973e+01   6.3098429e+04   1.1381756e+01
   1.2942096e+05   1.0710000e+01   6.3296230e+04   1.1645647e+01   6.3296230e+04   1.1455105e+01   6.3296230e+04   1.1378887e+01
   1.2863144e+05   1.0725000e+01   6.3494030e+04   1.1642779e+01   6.3494030e+04   1.1452236e+01   6.3494030e+04   1.1376019e+01
   1.2784080e+05   1.0740000e+01   6.3691831e+04   1.1639911e+01   6.3691831e+04   1.1449368e+01   6.3691831e+04   1.1373151e+01
   1.2704921e+05   1.0750000e+01   6.3889632e+04   1.1637042e+01   6.3889632e+04   1.1446499e+01   6.3889632e+04   1.1370282e+01
   1.2625688e+05   1.0760000e+01   6.4087432e+04   1.1634174e+01   6.4087432e+04   1.1443631e+01   6.4087432e+04   1.1367414e+01
   1.2546379e+05   1.0770000e+01   6.4285233e+04   1.1631305e+01   6.4285233e+04   1.1440763e+01   6.4285233e+04   1.1364545e+01
   1.2466996e+05   1.0780000e+01   6.4483034e+04   1.1628437e+01   6.4483034e+04   1.1437894e+01   6.4483034e+04   1.1361677e+01
   1.2387537e+05   1.0790000e+01   6.4680835e+04   1.1625569e+01   6.4680835e+04   1.1435026e+01   6.4680835e+04   1.1358809e+01
   1.2308023e+05   1.0795000e+01   6.4878635e+04   1.1622700e+01   6.4878635e+04   1.1432157e+01   6.4878635e+04   1.1355940e+01
   1.2228452e+05   1.0805000e+01   6.5076436e+04   1.1619832e+01   6.5076436e+04   1.1429289e+01   6.5076436e+04   1.1353072e+01
   1.2148825e+05   1.0810000e+01   6.5274237e+04   1.1616963e+01   6.5274237e+04   1.1426420e+01   6.5274237e+04   1.1350203e+01
   1.2069141e+05   1.0820000e+01   6.5472037e+04   1.1614095e+01   6.5472037e+04   1.1423552e+01   6.5472037e+04   1.1347335e+01
   1.1989402e+05   1.0825000e+01   6.5669838e+04   1.1611226e+01   6.5669838e+04   1.1420684e+01   6.5669838e+04   1.1344467e+01
   1.1909606e+05   1.0835000e+01   6.5867639e+04   1.1608358e+01   6.5867639e+04   1.1417815e+01   6.5867639e+04   1.1341598e+01
   1.1829735e+05   1.0845000e+01   6.6065440e+04   1.1605490e+01   6.6065440e+04   1.1414947e+01   6.6065440e+04   1.1338730e+01
   1.1749808e+05   1.0850000e+01   6.6263240e+04   1.1602621e+01   6.6263240e+04   1.1412078e+01   6.6263240e+04   1.1335861e+01
   1.1669843e+05   1.0855000e+01   6.6461041e+04   1.1599753e+01   6.6461041e+04   1.1409210e+01   6.6461041e+04   1.1332993e+01
   1.1589822e+05   1.0865000e+01   6.6658842e+04   1.1596884e+01   6.6658842e+04   1.1406342e+01   6.6658842e+04   1.1330124e+01
   1.1509726e+05   1.0875000e+01   6.6856642e+04   1.1594016e+01   6.6856642e+04   1.1403473e+01   6.6856642e+04   1.1327256e+01
   1.1429574e+05   1.0880000e+01   6.7054443e+04   1.1591148e+01   6.7054443e+04   1.1400605e+01   6.7054443e+04   1.1324388e+01
   1.1349384e+05   1.0885000e+01   6.7252244e+04   1.1588279e+01   6.7252244e+04   1.1397736e+01   6.7252244e+04   1.1321519e+01
   1.1269138e+05   1.0895000e+01   6.7450045e+04   1.1585411e+01   6.7450045e+04   1.1394868e+01   6.7450045e+04   1.1318651e+01
   1.1188836e+05   1.0900000e+01   6.7647845e+04   1.1582542e+01   6.7647845e+04   1.1392000e+01   6.7647845e+04   1.1315782e+01
   1.1108478e+05   1.0910000e+01   6.7845646e+04   1.1579674e+01   6.7845646e+04   1.1389131e+01   6.7845646e+04   1.1312914e+01
   1.1028063e+05   1.0915000e+01   6.8043447e+04   1.1576806e+01   6.8043447e+04   1.1386263e+01   6.8043447e+04   1.1310046e+01
   1.0947611e+05   1.0920000e+01   6.8241247e+04   1.1573937e+01   6.8241247e+04   1.1383394e+01   6.8241247e+04   1.1307177e+01
   1.0867102e+05   1.0930000e+01   6.8439048e+04   1.1571069e+01   6.8439048e+04   1.1380526e+01   6.8439048e+04   1.1304309e+01
   1.0786538e+05   1.0935000e+01   6.8636849e+04   1.1568200e+01   6.8636849e+04   1.1377657e+01   6.8636849e+04   1.1301440e+01
   1.0705917e+05   1.0945000e+01   6.8834650e+04   1.1565332e+01   6.8834650e+04   1.1374789e+01   6.8834650e+04   1.1298572e+01
   1.0625240e+05   1.0950000e+01   6.9032450e+04   1.1562463e+01   6.9032450e+04   1.1371921e+01   6.9032450e+04   1.1295704e+01
   1.0544506e+05   1.0960000e+01   6.9230251e+04   1.1559595e+01   6.9230251e+04   1.1369052e+01   6.9230251e+04   1.1292835e+01
   1.0463716e+05   1.0965000e+01   6.9428052e+04   1.1556727e+01   6.9428052e+04   1.1366184e+01   6.9428052e+04   1.1289967e+01
   1.0382889e+05   1.0970000e+01   6.9625853e+04   1.1553858e+01   6.9625853e+04   1.1363315e+01   6.9625853e+04   1.1287098e+01
   1.0302006e+05   1.0980000e+01   6.9823653e+04   1.1550990e+01   6.9823653e+04   1.1360447e+01   6.9823653e+04   1.1284230e+01
   1.0221066e+05   1.0985000e+01   7.0021454e+04   1.1548121e+01   7.0021454e+04   1.1357579e+01   7.0021454e+04   1.1281361e+01
   1.0140070e+05   1.0995000e+01   7.0219255e+04   1.1545253e+01   7.0219255e+04   1.1354710e+01   7.0219255e+04   1.1278493e+01
   1.0058999e+05   1.1005000e+01   7.0417055e+04   1.1542385e+01   7.0417055e+04   1.1351842e+01   7.0417055e+04   1.1275625e+01
   9.9778721e+04   1.1010000e+01   7.0614856e+04   1.1539516e+01   7.0614856e+04   1.1348973e+01   7.0614856e+04   1.1272756e+01
   9.8967074e+04   1.1015000e+01   7.0812657e+04   1.1536648e+01   7.0812657e+04   1.1346105e+01   7.0812657e+04   1.1269888e+01
   9.8155053e+04   1.1020000e+01   7.1010458e+04   1.1533779e+01   7.1010458e+04   1.1343237e+01   7.1010458e+04   1.1267019e+01
   9.7342468e+04   1.1030000e+01   7.1208258e+04   1.1530911e+01   7.1208258e+04   1.1340368e+01   7.1208258e+04   1.1264151e+01
   9.6529134e+04   1.1040000e+01   7.1406059e+04   1.1528042e+01   7.1406059e+04   1.1337500e+01   7.1406059e+04   1.1261283e+01
   9.5715050e+04   1.1050000e+01   7.1603860e+04   1.1525174e+01   7.1603860e+04   1.1334631e+01   7.1603860e+04   1.1258414e+01
   9.4900403e+04   1.1055000e+01   7.1801660e+04   1.1522306e+01   7.1801660e+04   1.1331763e+01   7.1801660e+04   1.1255546e+01
   9.4085381e+04   1.1060000e+01   7.1999461e+04   1.1519437e+01   7.1999461e+04   1.1328894e+01   7.1999461e+04   1.1252677e+01
   9.3269797e+04   1.1070000e+01   7.2197262e+04   1.1516569e+01   7.2197262e+04   1.1326026e+01   7.2197262e+04   1.1249809e+01
   9.2453463e+04   1.1080000e+01   7.2395063e+04   1.1513700e+01   7.2395063e+04   1.1323158e+01   7.2395063e+04   1.1246940e+01
   9.1636566e+04   1.1085000e+01   7.2592863e+04   1.1510832e+01   7.2592863e+04   1.1320289e+01   7.2592863e+04   1.1244072e+01
   9.0819107e+04   1.1095000e+01   7.2790664e+04   1.1507964e+01   7.2790664e+04   1.1317421e+01   7.2790664e+04   1.1241204e+01
   9.0001085e+04   1.1100000e+01   7.2988465e+04   1.1505095e+01   7.2988465e+04   1.1314552e+01   7.2988465e+04   1.1238335e+01
   8.9182501e+04   1.1110000e+01   7.3186265e+04   1.1502227e+01   7.3186265e+04   1.1311684e+01   7.3186265e+04   1.1235467e+01
   8.8363166e+04   1.1120000e+01   7.3384066e+04   1.1499358e+01   7.3384066e+04   1.1308816e+01   7.3384066e+04   1.1232598e+01
   8.7543082e+04   1.1130000e+01   7.3581867e+04   1.1496490e+01   7.3581867e+04   1.1305947e+01   7.3581867e+04   1.1229730e+01
   8.6722248e+04   1.1140000e+01   7.3779668e+04   1.1493622e+01   7.3779668e+04   1.1303079e+01   7.3779668e+04   1.1226862e+01
   8.5900851e+04   1.1145000e+01   7.3977468e+04   1.1490753e+01   7.3977468e+04   1.1300210e+01   7.3977468e+04   1.1223993e+01
   8.5078892e+04   1.1155000e+01   7.4175269e+04   1.1487885e+01   7.4175269e+04   1.1297342e+01   7.4175269e+04   1.1221125e+01
   8.4256182e+04   1.1165000e+01   7.4373070e+04   1.1485016e+01   7.4373070e+04   1.1294473e+01   7.4373070e+04   1.1218256e+01
   8.3432723e+04   1.1175000e+01   7.4570870e+04   1.1482148e+01   7.4570870e+04   1.1291605e+01   7.4570870e+04   1.1215388e+01
   8.2608514e+04   1.1185000e+01   7.4768671e+04   1.1479279e+01   7.4768671e+04   1.1288737e+01   7.4768671e+04   1.1212520e+01
   8.1783554e+04   1.1195000e+01   7.4966472e+04   1.1476411e+01   7.4966472e+04   1.1285868e+01   7.4966472e+04   1.1209651e+01
   8.0957845e+04   1.1205000e+01   7.5164273e+04   1.1473543e+01   7.5164273e+04   1.1283000e+01   7.5164273e+04   1.1206783e+01
   8.0131386e+04   1.1215000e+01   7.5362073e+04   1.1470674e+01   7.5362073e+04   1.1280131e+01   7.5362073e+04   1.1203914e+01
   7.9304177e+04   1.1225000e+01   7.5559874e+04   1.1467806e+01   7.5559874e+04   1.1277263e+01   7.5559874e+04   1.1201046e+01
   7.8476030e+04   1.1240000e+01   7.5757675e+04   1.1464937e+01   7.5757675e+04   1.1274395e+01   7.5757675e+04   1.1198177e+01
   7.7646945e+04   1.1250000e+01   7.5955475e+04   1.1462069e+01   7.5955475e+04   1.1271526e+01   7.5955475e+04   1.1195309e+01
   7.6816924e+04   1.1265000e+01   7.6153276e+04   1.1459201e+01   7.6153276e+04   1.1268658e+01   7.6153276e+04   1.1192441e+01
   7.5985589e+04   1.1285000e+01   7.6351077e+04   1.1456332e+01   7.6351077e+04   1.1265789e+01   7.6351077e+04   1.1189572e+01
   7.5153130e+04   1.1295000e+01   7.6548878e+04   1.1453464e+01   7.6548878e+04   1.1262921e+01   7.6548878e+04   1.1186704e+01
   7.4319733e+04   1.1310000e+01   7.6746678e+04   1.1450595e+01   7.6746678e+04   1.1260053e+01   7.6746678e+04   1.1183835e+01
   7.3485212e+04   1.1325000e+01   7.6944479e+04   1.1447727e+01   7.6944479e+04   1.1257184e+01   7.6944479e+04   1.1180967e+01
   7.2649565e+04   1.1340000e+01   7.7142280e+04   1.1444858e+01   7.7142280e+04   1.1254316e+01   7.7142280e+04   1.1178099e+01
   7.1812793e+04   1.1355000e+01   7.7340080e+04   1.1441990e+01   7.7340080e+04   1.1251447e+01   7.7340080e+04   1.1175230e+01
   7.0974896e+04   1.1370000e+01   7.7537881e+04   1.1439122e+01   7.7537881e+04   1.1248579e+01   7.7537881e+04   1.1172362e+01
   7.0136062e+04   1.1380000e+01   7.7735682e+04   1.1436253e+01   7.7735682e+04   1.1245710e+01   7.7735682e+04   1.1169493e+01
   6.9296290e+04   1.1395000e+01   7.7933483e+04   1.1433385e+01   7.7933483e+04   1.1242842e+01   7.7933483e+04   1.1166625e+01
   6.8455393e+04   1.1410000e+01   7.8131283e+04   1.1430516e+01   7.8131283e+04   1.1239974e+01   7.8131283e+04   1.1163756e+01
   6.7613559e+04   1.1420000e+01   7.8329084e+04   1.1427648e+01   7.8329084e+04   1.1237105e+01   7.8329084e+04   1.1160888e+01
   6.6770787e+04   1.1435000e+01   7.8526885e+04   1.1424780e+01   7.8526885e+04   1.1234237e+01   7.8526885e+04   1.1158020e+01
   6.5926890e+04   1.1450000e+01   7.8724686e+04   1.1421911e+01   7.8724686e+04   1.1231368e+01   7.8724686e+04   1.1155151e+01
   6.5081869e+04   1.1465000e+01   7.8922486e+04   1.1419043e+01   7.8922486e+04   1.1228500e+01   7.8922486e+04   1.1152283e+01
   6.4235909e+04   1.1475000e+01   7.9120287e+04   1.1416174e+01   7.9120287e+04   1.1225632e+01   7.9120287e+04   1.1149414e+01
   6.3389200e+04   1.1485000e+01   7.9318088e+04   1.1413306e+01   7.9318088e+04   1.1222763e+01   7.9318088e+04   1.1146546e+01
   6.2541553e+04   1.1500000e+01   7.9515888e+04   1.1410437e+01   7.9515888e+04   1.1219895e+01   7.9515888e+04   1.1143678e+01
   6.1692782e+04   1.1515000e+01   7.9713689e+04   1.1407569e+01   7.9713689e+04   1.1217026e+01   7.9713689e+04   1.1140809e+01
   6.0842885e+04   1.1530000e+01   7.9911490e+04   1.1404701e+01   7.9911490e+04   1.1214158e+01   7.9911490e+04   1.1137941e+01
   5.9991863e+04   1.1545000e+01   8.0109291e+04   1.1401832e+01   8.0109291e+04   1.1211289e+01   8.0109291e+04   1.1135072e+01
   5.9139716e+04   1.1560000e+01   8.0307091e+04   1.1398964e+01   8.0307091e+04   1.1208421e+01   8.0307091e+04   1.1132204e+01
   5.8286632e+04   1.1570000e+01   8.0504892e+04   1.1396095e+01   8.0504892e+04   1.1205553e+01   8.0504892e+04   1.1129336e+01
   5.7432610e+04   1.1585000e+01   8.0702693e+04   1.1393227e+01   8.0702693e+04   1.1202684e+01   8.0702693e+04   1.1126467e+01
   5.6577463e+04   1.1600000e+01   8.0900493e+04   1.1390359e+01   8.0900493e+04   1.1199816e+01   8.0900493e+04   1.1123599e+01
   5.5721379e+04   1.1610000e+01   8.1098294e+04   1.1387490e+01   8.1098294e+04   1.1196947e+01   8.1098294e+04   1.1120730e+01
   5.4864357e+04   1.1625000e+01   8.1296095e+04   1.1384622e+01   8.1296095e+04   1.1194079e+01   8.1296095e+04   1.1117862e+01
   5.4006210e+04   1.1640000e+01   8.1493896e+04   1.1381753e+01   8.1493896e+04   1.1191211e+01   8.1493896e+04   1.1114993e+01
   5.3146939e+04   1.1655000e+01   8.1691696e+04   1.1378885e+01   8.1691696e+04   1.1188342e+01   8.1691696e+04   1.1112125e+01
   5.2286729e+04   1.1665000e+01   8.1889497e+04   1.1376016e+01   8.1889497e+04   1.1185474e+01   8.1889497e+04   1.1109257e+01
   5.1425583e+04   1.1680000e+01   8.2087298e+04   1.1373148e+01   8.2087298e+04   1.1182605e+01   8.2087298e+04   1.1106388e+01
   5.0563498e+04   1.1690000e+01   8.2285098e+04   1.1370280e+01   8.2285098e+04   1.1179737e+01   8.2285098e+04   1.1103520e+01
   4.9700476e+04   1.1705000e+01   8.2482899e+04   1.1367411e+01   8.2482899e+04   1.1176869e+01   8.2482899e+04   1.1100651e+01
   4.8836517e+04   1.1715000e+01   8.2680700e+04   1.1364543e+01   8.2680700e+04   1.1174000e+01   8.2680700e+04   1.1097783e+01
   4.7971620e+04   1.1730000e+01   8.2878501e+04   1.1361674e+01   8.2878501e+04   1.1171132e+01   8.2878501e+04   1.1094915e+01
   4.7105599e+04   1.1745000e+01   8.3076301e+04   1.1358806e+01   8.3076301e+04   1.1168263e+01   8.3076301e+04   1.1092046e+01
   4.6238639e+04   1.1755000e+01   8.3274102e+04   1.1355938e+01   8.3274102e+04   1.1165395e+01   8.3274102e+04   1.1089178e+01
   4.5370743e+04   1.1770000e+01   8.3471903e+04   1.1353069e+01   8.3471903e+04   1.1162526e+01   8.3471903e+04   1.1086309e+01
   4.4501908e+04   1.1780000e+01   8.3669703e+04   1.1350201e+01   8.3669703e+04   1.1159658e+01   8.3669703e+04   1.1083441e+01
   4.3632136e+04   1.1795000e+01   8.3867504e+04   1.1347332e+01   8.3867504e+04   1.1156790e+01   8.3867504e+04   1.1080573e+01
   4.2761427e+04   1.1805000e+01   8.4065305e+04   1.1344464e+01   8.4065305e+04   1.1153921e+01   8.4065305e+04   1.1077704e+01
   4.1889780e+04   1.1820000e+01   8.4263106e+04   1.1341595e+01   8.4263106e+04   1.1151053e+01   8.4263106e+04   1.1074836e+01
   4.1017196e+04   1.1830000e+01   8.4460906e+04   1.1338727e+01   8.4460906e+04   1.1148184e+01   8.4460906e+04   1.1071967e+01
   4.0143862e+04   1.1840000e+01   8.4658707e+04   1.1335859e+01   8.4658707e+04   1.1145316e+01   8.4658707e+04   1.1069099e+01
   3.9269590e+04   1.1855000e+01   8.4856508e+04   1.1332990e+01   8.4856508e+04   1.1142448e+01   8.4856508e+04   1.1066230e+01
   3.8394381e+04   1.1865000e+01   8.5054308e+04   1.1330122e+01   8.5054308e+04   1.1139579e+01   8.5054308e+04   1.1063362e+01
   3.7518234e+04   1.1880000e+01   8.5252109e+04   1.1327253e+01   8.5252109e+04   1.1136711e+01   8.5252109e+04   1.1060494e+01
   3.6641150e+04   1.1890000e+01   8.5449910e+04   1.1324385e+01   8.5449910e+04   1.1133842e+01   8.5449910e+04   1.1057625e+01
   3.5763315e+04   1.1900000e+01   8.5647711e+04   1.1321517e+01   8.5647711e+04   1.1130974e+01   8.5647711e+04   1.1054757e+01
   3.4884544e+04   1.1915000e+01   8.5845511e+04   1.1318648e+01   8.5845511e+04   1.1128106e+01   8.5845511e+04   1.1051888e+01
   3.4004834e+04   1.1925000e+01   8.6043312e+04   1.1315780e+01   8.6043312e+04   1.1125237e+01   8.6043312e+04   1.1049020e+01
   3.3124375e+04   1.1935000e+01   8.6241113e+04   1.1312911e+01   8.6241113e+04   1.1122369e+01   8.6241113e+04   1.1046152e+01
   3.2242978e+04   1.1950000e+01   8.6438913e+04   1.1310043e+01   8.6438913e+04   1.1119500e+01   8.6438913e+04   1.1043283e+01
   3.1360644e+04   1.1960000e+01   8.6636714e+04   1.1307174e+01   8.6636714e+04   1.1116632e+01   8.6636714e+04   1.1040415e+01
   3.0477372e+04   1.1975000e+01   8.6834515e+04   1.1304306e+01   8.6834515e+04   1.1113763e+01   8.6834515e+04   1.1037546e+01
   2.9592975e+04   1.1990000e+01   8.7032316e+04   1.1301438e+01   8.7032316e+04   1.1110895e+01   8.7032316e+04   1.1034678e+01
   2.8707641e+04   1.2000000e+01   8.7230116e+04   1.1298569e+01   8.7230116e+04   1.1108027e+01   8.7230116e+04   1.1031809e+01
   2.7821369e+04   1.2015000e+01   8.7427917e+04   1.1295701e+01   8.7427917e+04   1.1105158e+01   8.7427917e+04   1.1028941e+01
   2.6934160e+04   1.2025000e+01   8.7625718e+04   1.1292832e+01   8.7625718e+04   1.1102290e+01   8.7625718e+04   1.1026073e+01
   2.6046201e+04   1.2035000e+01   8.7823519e+04   1.1289964e+01   8.7823519e+04   1.1099421e+01   8.7823519e+04   1.1023204e+01
   2.5157304e+04   1.2050000e+01   8.8021319e+04   1.1287095e+01   8.8021319e+04   1.1096553e+01   8.8021319e+04   1.1020336e+01
   2.4267282e+04   1.2065000e+01   8.8219120e+04   1.1284227e+01   8.8219120e+04   1.1093685e+01   8.8219120e+04   1.1017467e+01
   2.3376135e+04   1.2080000e+01   8.8416921e+04   1.1281359e+01   8.8416921e+04   1.1090816e+01   8.8416921e+04   1.1014599e+01
   2.2483864e+04   1.2095000e+01   8.8614721e+04   1.1278490e+01   8.8614721e+04   1.1087948e+01   8.8614721e+04   1.1011731e+01
   2.1590467e+04   1.2110000e+01   8.8812522e+04   1.1275622e+01   8.8812522e+04   1.1085079e+01   8.8812522e+04   1.1008862e+01
   2.0695945e+04   1.2125000e+01   8.9010323e+04   1.1272753e+01   8.9010323e+04   1.1082211e+01   8.9010323e+04   1.1005994e+01
   1.9800111e+04   1.2145000e+01   8.9208124e+04   1.1269885e+01   8.9208124e+04   1.1079342e+01   8.9208124e+04   1.1003125e+01
   1.4933954e+05   1.0435000e+01   8.9405924e+04   1.1267016e+01   8.9405924e+04   1.1076474e+01   8.9405924e+04   1.1000257e+01
   1.4896233e+05   1.0445000e+01   8.9603725e+04   1.1264148e+01   8.9603725e+04   1.1073606e+01   8.9603725e+04   1.0997389e+01
   1.4858484e+05   1.0450000e+01   8.9801526e+04   1.1261280e+01   8.9801526e+04   1.1070737e+01   8.9801526e+04   1.0994520e+01
   1.4820698e+05   1.0465000e+01   8.9999326e+04   1.1258411e+01   8.9999326e+04   1.1067869e+01   8.9999326e+04   1.0991652e+01
   1.4782864e+05   1.0475000e+01   9.0197127e+04   1.1255543e+01   9.0197127e+04   1.1065000e+01   9.0197127e+04   1.0988783e+01
   1.4745003e+05   1.0480000e+01   9.0394928e+04   1.1252674e+01   9.0394928e+04   1.1062132e+01   9.0394928e+04   1.0985915e+01
   1.4707104e+05   1.0495000e+01   9.0592729e+04   1.1249806e+01   9.0592729e+04   1.1059264e+01   9.0592729e+04   1.0983046e+01
   1.4669167e+05   1.0500000e+01   9.0790529e+04   1.1246937e+01   9.0790529e+04   1.1056395e+01   9.0790529e+04   1.0980178e+01
   1.4631202e+05   1.0510000e+01   9.0988330e+04   1.1244069e+01   9.0988330e+04   1.1053527e+01   9.0988330e+04   1.0977310e+01
   1.4593200e+05   1.0520000e+01   9.1186131e+04   1.1241201e+01   9.1186131e+04   1.1050658e+01   9.1186131e+04   1.0974441e+01
   1.4555160e+05   1.0530000e+01   9.1383931e+04   1.1238332e+01   9.1383931e+04   1.1047790e+01   9.1383931e+04   1.0971573e+01
   1.4517083e+05   1.0540000e+01   9.1581732e+04   1.1235464e+01   9.1581732e+04   1.1044922e+01   9.1581732e+04   1.0968704e+01
   1.4478969e+05   1.0550000e+01   9.1779533e+04   1.1232595e+01   9.1779533e+04   1.1042053e+01   9.1779533e+04   1.0965836e+01
   1.4440816e+05   1.0560000e+01   9.1977334e+04   1.1229727e+01   9.1977334e+04   1.1039185e+01   9.1977334e+04   1.0962968e+01
   1.4402627e+05   1.0570000e+01   9.2175134e+04   1.1226858e+01   9.2175134e+04   1.1036316e+01   9.2175134e+04   1.0960099e+01
   1.4364409e+05   1.0575000e+01   9.2372935e+04   1.1223990e+01   9.2372935e+04   1.1033448e+01   9.2372935e+04   1.0957231e+01
   1.4326163e+05   1.0585000e+01   9.2570736e+04   1.1221121e+01   9.2570736e+04   1.1030579e+01   9.2570736e+04   1.0954362e+01
   1.4287880e+05   1.0595000e+01   9.2768536e+04   1.1218253e+01   9.2768536e+04   1.1027711e+01   9.2768536e+04   1.0951494e+01
   1.4249559e+05   1.0605000e+01   9.2966337e+04   1.1215385e+01   9.2966337e+04   1.1024843e+01   9.2966337e+04   1.0948626e+01
   1.4211210e+05   1.0610000e+01   9.3164138e+04   1.1212516e+01   9.3164138e+04   1.1021974e+01   9.3164138e+04   1.0945757e+01
   1.4172832e+05   1.0620000e+01   9.3361939e+04   1.1209648e+01   9.3361939e+04   1.1019106e+01   9.3361939e+04   1.0942889e+01
   1.4134418e+05   1.0630000e+01   9.3559739e+04   1.1206779e+01   9.3559739e+04   1.1016237e+01   9.3559739e+04   1.0940020e+01
   1.4095966e+05   1.0640000e+01   9.3757540e+04   1.1203911e+01   9.3757540e+04   1.1013369e+01   9.3757540e+04   1.0937152e+01
   1.4057476e+05   1.0650000e+01   9.3955341e+04   1.1201042e+01   9.3955341e+04   1.1010501e+01   9.3955341e+04   1.0934283e+01
   1.4018958e+05   1.0655000e+01   9.4153141e+04   1.1198174e+01   9.4153141e+04   1.1007632e+01   9.4153141e+04   1.0931415e+01
   1.3980412e+05   1.0665000e+01   9.4350942e+04   1.1195305e+01   9.4350942e+04   1.1004764e+01   9.4350942e+04   1.0928547e+01
   1.3941829e+05   1.0675000e+01   9.4548743e+04   1.1192437e+01   9.4548743e+04   1.1001895e+01   9.4548743e+04   1.0925678e+01
   1.3903217e+05   1.0680000e+01   9.4746544e+04   1.1189568e+01   9.4746544e+04   1.0999027e+01   9.4746544e+04   1.0922810e+01
   1.3864578e+05   1.0690000e+01   9.4944344e+04   1.1186700e+01   9.4944344e+04   1.0996159e+01   9.4944344e+04   1.0919941e+01
   1.3825900e+05   1.0700000e+01   9.5142145e+04   1.1183832e+01   9.5142145e+04   1.0993290e+01   9.5142145e+04   1.0917073e+01
   1.3787195e+05   1.0705000e+01   9.5339946e+04   1.1180963e+01   9.5339946e+04   1.0990422e+01   9.5339946e+04   1.0914205e+01
   1.3748462e+05   1.0715000e+01   9.5537746e+04   1.1178095e+01   9.5537746e+04   1.0987553e+01   9.5537746e+04   1.0911336e+01
   1.3709691e+05   1.0725000e+01   9.5735547e+04   1.1175226e+01   9.5735547e+04   1.0984685e+01   9.5735547e+04   1.0908468e+01
   1.3670892e+05   1.0730000e+01   9.5933348e+04   1.1172358e+01   9.5933348e+04   1.0981816e+01   9.5933348e+04   1.0905599e+01
   1.3632064e+05   1.0740000e+01   9.6131149e+04   1.1169489e+01   9.6131149e+04   1.0978948e+01   9.6131149e+04   1.0902731e+01
   1.3593200e+05   1.0750000e+01   9.6328949e+04   1.1166621e+01   9.6328949e+04   1.0976080e+01   9.6328949e+04   1.0899862e+01
   1.3554307e+05   1.0755000e+01   9.6526750e+04   1.1163752e+01   9.6526750e+04   1.0973211e+01   9.6526750e+04   1.0896994e+01
   1.3515386e+05   1.0765000e+01   9.6724551e+04   1.1160884e+01   9.6724551e+04   1.0970343e+01   9.6724551e+04   1.0894126e+01
   1.3476437e+05   1.0770000e+01   9.6922352e+04   1.1158015e+01   9.6922352e+04   1.0967474e+01   9.6922352e+04   1.0891257e+01
   1.3437469e+05   1.0775000e+01   9.7120152e+04   1.1155147e+01   9.7120152e+04   1.0964606e+01   9.7120152e+04   1.0888389e+01
   1.3398473e+05   1.0785000e+01   9.7317953e+04   1.1152278e+01   9.7317953e+04   1.0961738e+01   9.7317953e+04   1.0885520e+01
   1.3359449e+05   1.0790000e+01   9.7515754e+04   1.1149410e+01   9.7515754e+04   1.0958869e+01   9.7515754e+04   1.0882652e+01
   1.3320406e+05   1.0795000e+01   9.7713554e+04   1.1146541e+01   9.7713554e+04   1.0956001e+01   9.7713554e+04   1.0879784e+01
   1.3281345e+05   1.0800000e+01   9.7911355e+04   1.1143673e+01   9.7911355e+04   1.0953132e+01   9.7911355e+04   1.0876915e+01
   1.3242265e+05   1.0805000e+01   9.8109156e+04   1.1140804e+01   9.8109156e+04   1.0950264e+01   9.8109156e+04   1.0874047e+01
   1.3203156e+05   1.0815000e+01   9.8306957e+04   1.1137936e+01   9.8306957e+04   1.0947395e+01   9.8306957e+04   1.0871178e+01
   1.3164020e+05   1.0820000e+01   9.8504757e+04   1.1135067e+01   9.8504757e+04   1.0944527e+01   9.8504757e+04   1.0868310e+01
   1.3124874e+05   1.0820000e+01   9.8702558e+04   1.1132199e+01   9.8702558e+04   1.0941659e+01   9.8702558e+04   1.0865442e+01
   1.3085718e+05   1.0825000e+01   9.8900359e+04   1.1129330e+01   9.8900359e+04   1.0938790e+01   9.8900359e+04   1.0862573e+01
   1.3046544e+05   1.0830000e+01   9.9098159e+04   1.1126462e+01   9.9098159e+04   1.0935922e+01   9.9098159e+04   1.0859705e+01
   1.3007351e+05   1.0835000e+01   9.9295960e+04   1.1123593e+01   9.9295960e+04   1.0933053e+01   9.9295960e+04   1.0856836e+01
   1.2968140e+05   1.0840000e+01   9.9493761e+04   1.1120725e+01   9.9493761e+04   1.0930185e+01   9.9493761e+04   1.0853968e+01
   1.2928910e+05   1.0845000e+01   9.9691562e+04   1.1117856e+01   9.9691562e+04   1.0927317e+01   9.9691562e+04   1.0851099e+01
   1.2889661e+05   1.0850000e+01   9.9889362e+04   1.1114988e+01   9.9889362e+04   1.0924448e+01   9.9889362e+04   1.0848231e+01
   1.2850393e+05   1.0855000e+01   1.0008716e+05   1.1112119e+01   1.0008716e+05   1.0921580e+01   1.0008716e+05   1.0845363e+01
   1.2811116e+05   1.0855000e+01   1.0028496e+05   1.1109251e+01   1.0028496e+05   1.0918711e+01   1.0028496e+05   1.0842494e+01
   1.2771829e+05   1.0860000e+01   1.0048276e+05   1.1106382e+01   1.0048276e+05   1.0915843e+01   1.0048276e+05   1.0839626e+01
   1.2732524e+05   1.0865000e+01   1.0068057e+05   1.1103513e+01   1.0068057e+05   1.0912975e+01   1.0068057e+05   1.0836757e+01
   1.2693200e+05   1.0870000e+01   1.0087837e+05   1.1100645e+01   1.0087837e+05   1.0910106e+01   1.0087837e+05   1.0833889e+01
   1.2653857e+05   1.0875000e+01   1.0107617e+05   1.1097776e+01   1.0107617e+05   1.0907238e+01   1.0107617e+05   1.0831021e+01
   1.2614495e+05   1.0880000e+01   1.0127397e+05   1.1094908e+01   1.0127397e+05   1.0904369e+01   1.0127397e+05   1.0828152e+01
   1.2575115e+05   1.0885000e+01   1.0147177e+05   1.1092039e+01   1.0147177e+05   1.0901501e+01   1.0147177e+05   1.0825284e+01
   1.2535725e+05   1.0885000e+01   1.0166957e+05   1.1089171e+01   1.0166957e+05   1.0898632e+01   1.0166957e+05   1.0822415e+01
   1.2496326e+05   1.0890000e+01   1.0186737e+05   1.1086302e+01   1.0186737e+05   1.0895764e+01   1.0186737e+05   1.0819547e+01
   1.2456908e+05   1.0895000e+01   1.0206517e+05   1.1083433e+01   1.0206517e+05   1.0892896e+01   1.0206517e+05   1.0816679e+01
   1.2417472e+05   1.0900000e+01   1.0226297e+05   1.1080565e+01   1.0226297e+05   1.0890027e+01   1.0226297e+05   1.0813810e+01
   1.2378017e+05   1.0905000e+01   1.0246077e+05   1.1077696e+01   1.0246077e+05   1.0887159e+01   1.0246077e+05   1.0810942e+01
   1.2338543e+05   1.0910000e+01   1.0265857e+05   1.1074828e+01   1.0265857e+05   1.0884290e+01   1.0265857e+05   1.0808073e+01
   1.2299059e+05   1.0910000e+01   1.0285637e+05   1.1071959e+01   1.0285637e+05   1.0881422e+01   1.0285637e+05   1.0805205e+01
   1.2259566e+05   1.0915000e+01   1.0305417e+05   1.1069090e+01   1.0305417e+05   1.0878554e+01   1.0305417e+05   1.0802336e+01
   1.2220055e+05   1.0920000e+01   1.0325197e+05   1.1066222e+01   1.0325197e+05   1.0875685e+01   1.0325197e+05   1.0799468e+01
   1.2180534e+05   1.0920000e+01   1.0344978e+05   1.1063353e+01   1.0344978e+05   1.0872817e+01   1.0344978e+05   1.0796600e+01
   1.2141004e+05   1.0925000e+01   1.0364758e+05   1.1060484e+01   1.0364758e+05   1.0869948e+01   1.0364758e+05   1.0793731e+01
   1.2101454e+05   1.0930000e+01   1.0384538e+05   1.1057616e+01   1.0384538e+05   1.0867080e+01   1.0384538e+05   1.0790863e+01
   1.2061887e+05   1.0935000e+01   1.0404318e+05   1.1054747e+01   1.0404318e+05   1.0864211e+01   1.0404318e+05   1.0787994e+01
   1.2022300e+05   1.0940000e+01   1.0424098e+05   1.1051878e+01   1.0424098e+05   1.0861343e+01   1.0424098e+05   1.0785126e+01
   1.1982704e+05   1.0940000e+01   1.0443878e+05   1.1049010e+01   1.0443878e+05   1.0858475e+01   1.0443878e+05   1.0782258e+01
   1.1943099e+05   1.0945000e+01   1.0463658e+05   1.1046141e+01   1.0463658e+05   1.0855606e+01   1.0463658e+05   1.0779389e+01
   1.1903475e+05   1.0950000e+01   1.0483438e+05   1.1043272e+01   1.0483438e+05   1.0852738e+01   1.0483438e+05   1.0776521e+01
   1.1863841e+05   1.0950000e+01   1.0503218e+05   1.1040403e+01   1.0503218e+05   1.0849869e+01   1.0503218e+05   1.0773652e+01
   1.1824199e+05   1.0955000e+01   1.0522998e+05   1.1037535e+01   1.0522998e+05   1.0847001e+01   1.0522998e+05   1.0770784e+01
   1.1784537e+05   1.0960000e+01   1.0542778e+05   1.1034666e+01   1.0542778e+05   1.0844133e+01   1.0542778e+05   1.0767915e+01
   1.1744857e+05   1.0965000e+01   1.0562558e+05   1.1031797e+01   1.0562558e+05   1.0841264e+01   1.0562558e+05   1.0765047e+01
   1.1705167e+05   1.0965000e+01   1.0582338e+05   1.1028928e+01   1.0582338e+05   1.0838396e+01   1.0582338e+05   1.0762179e+01
   1.1665468e+05   1.0970000e+01   1.0602118e+05   1.1026060e+01   1.0602118e+05   1.0835527e+01   1.0602118e+05   1.0759310e+01
   1.1625750e+05   1.0975000e+01   1.0621899e+05   1.1023191e+01   1.0621899e+05   1.0832659e+01   1.0621899e+05   1.0756442e+01
   1.1586014e+05   1.0980000e+01   1.0641679e+05   1.1020322e+01   1.0641679e+05   1.0829791e+01   1.0641679e+05   1.0753573e+01
   1.1546268e+05   1.0980000e+01   1.0661459e+05   1.1017453e+01   1.0661459e+05   1.0826922e+01   1.0661459e+05   1.0750705e+01
   1.1506512e+05   1.0985000e+01   1.0681239e+05   1.1014584e+01   1.0681239e+05   1.0824054e+01   1.0681239e+05   1.0747837e+01
   1.1466738e+05   1.0990000e+01   1.0701019e+05   1.1011715e+01   1.0701019e+05   1.0821185e+01   1.0701019e+05   1.0744968e+01
   1.1426946e+05   1.0995000e+01   1.0720799e+05   1.1008846e+01   1.0720799e+05   1.0818317e+01   1.0720799e+05   1.0742100e+01
   1.1387134e+05   1.1000000e+01   1.0740579e+05   1.1005978e+01   1.0740579e+05   1.0815448e+01   1.0740579e+05   1.0739231e+01
   1.1347313e+05   1.1000000e+01   1.0760359e+05   1.1003109e+01   1.0760359e+05   1.0812580e+01   1.0760359e+05   1.0736363e+01
   1.1307483e+05   1.1005000e+01   1.0780139e+05   1.1000240e+01   1.0780139e+05   1.0809712e+01   1.0780139e+05   1.0733495e+01
   1.1267634e+05   1.1010000e+01   1.0799919e+05   1.0997371e+01   1.0799919e+05   1.0806843e+01   1.0799919e+05   1.0730626e+01
   1.1227766e+05   1.1015000e+01   1.0819699e+05   1.0994502e+01   1.0819699e+05   1.0803975e+01   1.0819699e+05   1.0727758e+01
   1.1187889e+05   1.1015000e+01   1.0839479e+05   1.0991633e+01   1.0839479e+05   1.0801106e+01   1.0839479e+05   1.0724889e+01
   1.1148002e+05   1.1020000e+01   1.0859259e+05   1.0988764e+01   1.0859259e+05   1.0798238e+01   1.0859259e+05   1.0722021e+01
   1.1108097e+05   1.1025000e+01   1.0879039e+05   1.0985895e+01   1.0879039e+05   1.0795370e+01   1.0879039e+05   1.0719152e+01
   1.1068182e+05   1.1025000e+01   1.0898820e+05   1.0983026e+01   1.0898820e+05   1.0792501e+01   1.0898820e+05   1.0716284e+01
   1.1028258e+05   1.1030000e+01   1.0918600e+05   1.0980156e+01   1.0918600e+05   1.0789633e+01   1.0918600e+05   1.0713416e+01
   1.0988315e+05   1.1035000e+01   1.0938380e+05   1.0977287e+01   1.0938380e+05   1.0786764e+01   1.0938380e+05   1.0710547e+01
   1.0948354e+05   1.1040000e+01   1.0958160e+05   1.0974418e+01   1.0958160e+05   1.0783896e+01   1.0958160e+05   1.0707679e+01
   1.0908383e+05   1.1040000e+01   1.0977940e+05   1.0971549e+01   1.0977940e+05   1.0781028e+01   1.0977940e+05   1.0704810e+01
   1.0868403e+05   1.1045000e+01   1.0997720e+05   1.0968680e+01   1.0997720e+05   1.0778159e+01   1.0997720e+05   1.0701942e+01
   1.0828404e+05   1.1050000e+01   1.1017500e+05   1.0965810e+01   1.1017500e+05   1.0775291e+01   1.1017500e+05   1.0699074e+01
   1.0788386e+05   1.1055000e+01   1.1037280e+05   1.0962941e+01   1.1037280e+05   1.0772422e+01   1.1037280e+05   1.0696205e+01
   1.0748349e+05   1.1060000e+01   1.1057060e+05   1.0960072e+01   1.1057060e+05   1.0769554e+01   1.1057060e+05   1.0693337e+01
   1.0708303e+05   1.1060000e+01   1.1076840e+05   1.0957202e+01   1.1076840e+05   1.0766685e+01   1.1076840e+05   1.0690468e+01
   1.0668248e+05   1.1065000e+01   1.1096620e+05   1.0954333e+01   1.1096620e+05   1.0763817e+01   1.1096620e+05   1.0687600e+01
   1.0628174e+05   1.1070000e+01   1.1116400e+05   1.0951464e+01   1.1116400e+05   1.0760949e+01   1.1116400e+05   1.0684731e+01
   1.0588090e+05   1.1070000e+01   1.1136180e+05   1.0948594e+01   1.1136180e+05   1.0758080e+01   1.1136180e+05   1.0681863e+01
   1.0547998e+05   1.1075000e+01   1.1155960e+05   1.0945725e+01   1.1155960e+05   1.0755212e+01   1.1155960e+05   1.0678995e+01
   1.0507886e+05   1.1080000e+01   1.1175741e+05   1.0942855e+01   1.1175741e+05   1.0752343e+01   1.1175741e+05   1.0676126e+01
   1.0467756e+05   1.1085000e+01   1.1195521e+05   1.0939986e+01   1.1195521e+05   1.0749475e+01   1.1195521e+05   1.0673258e+01
   1.0427607e+05   1.1090000e+01   1.1215301e+05   1.0937116e+01   1.1215301e+05   1.0746607e+01   1.1215301e+05   1.0670389e+01
   1.0387448e+05   1.1090000e+01   1.1235081e+05   1.0934246e+01   1.1235081e+05   1.0743738e+01   1.1235081e+05   1.0667521e+01
   1.0347280e+05   1.1095000e+01   1.1254861e+05   1.0931376e+01   1.1254861e+05   1.0740870e+01   1.1254861e+05   1.0664653e+01
   1.0307094e+05   1.1100000e+01   1.1274641e+05   1.0928507e+01   1.1274641e+05   1.0738001e+01   1.1274641e+05   1.0661784e+01
   1.0266898e+05   1.1100000e+01   1.1294421e+05   1.0925637e+01   1.1294421e+05   1.0735133e+01   1.1294421e+05   1.0658916e+01
   1.0226693e+05   1.1105000e+01   1.1314201e+05   1.0922767e+01   1.1314201e+05   1.0732264e+01   1.1314201e+05   1.0656047e+01
   1.0186469e+05   1.1110000e+01   1.1333981e+05   1.0919897e+01   1.1333981e+05   1.0729396e+01   1.1333981e+05   1.0653179e+01
   1.0146226e+05   1.1115000e+01   1.1353761e+05   1.0917027e+01   1.1353761e+05   1.0726528e+01   1.1353761e+05   1.0650311e+01
   1.0105964e+05   1.1120000e+01   1.1373541e+05   1.0914157e+01   1.1373541e+05   1.0723659e+01   1.1373541e+05   1.0647442e+01
   1.0065693e+05   1.1120000e+01   1.1393321e+05   1.0911287e+01   1.1393321e+05   1.0720791e+01   1.1393321e+05   1.0644574e+01
   1.0025413e+05   1.1125000e+01   1.1413101e+05   1.0908417e+01   1.1413101e+05   1.0717922e+01   1.1413101e+05   1.0641705e+01
   9.9851140e+04   1.1130000e+01   1.1432881e+05   1.0905546e+01   1.1432881e+05   1.0715054e+01   1.1432881e+05   1.0638837e+01
   9.9447962e+04   1.1135000e+01   1.1452662e+05   1.0902676e+01   1.1452662e+05   1.0712186e+01   1.1452662e+05   1.0635968e+01
   9.9044596e+04   1.1140000e+01   1.1472442e+05   1.0899806e+01   1.1472442e+05   1.0709317e+01   1.1472442e+05   1.0633100e+01
   9.8641043e+04   1.1145000e+01   1.1492222e+05   1.0896935e+01   1.1492222e+05   1.0706449e+01   1.1492222e+05   1.0630232e+01
   9.8237303e+04   1.1150000e+01   1.1512002e+05   1.0894065e+01   1.1512002e+05   1.0703580e+01   1.1512002e+05   1.0627363e+01
   9.7833375e+04   1.1155000e+01   1.1531782e+05   1.0891194e+01   1.1531782e+05   1.0700712e+01   1.1531782e+05   1.0624495e+01
   9.7429353e+04   1.1155000e+01   1.1551562e+05   1.0888323e+01   1.1551562e+05   1.0697844e+01   1.1551562e+05   1.0621626e+01
   9.7025238e+04   1.1160000e+01   1.1571342e+05   1.0885453e+01   1.1571342e+05   1.0694975e+01   1.1571342e+05   1.0618758e+01
   9.6620935e+04   1.1165000e+01   1.1591122e+05   1.0882582e+01   1.1591122e+05   1.0692107e+01   1.1591122e+05   1.0615890e+01
   9.6216444e+04   1.1170000e+01   1.1610902e+05   1.0879711e+01   1.1610902e+05   1.0689238e+01   1.1610902e+05   1.0613021e+01
   9.5811766e+04   1.1175000e+01   1.1630682e+05   1.0876840e+01   1.1630682e+05   1.0686370e+01   1.1630682e+05   1.0610153e+01
   9.5406900e+04   1.1180000e+01   1.1650462e+05   1.0873968e+01   1.1650462e+05   1.0683501e+01   1.1650462e+05   1.0607284e+01
   9.5001941e+04   1.1180000e+01   1.1670242e+05   1.0871097e+01   1.1670242e+05   1.0680633e+01   1.1670242e+05   1.0604416e+01
   9.4596888e+04   1.1185000e+01   1.1690022e+05   1.0868226e+01   1.1690022e+05   1.0677765e+01   1.1690022e+05   1.0601548e+01
   9.4191554e+04   1.1195000e+01   1.1709802e+05   1.0865354e+01   1.1709802e+05   1.0674896e+01   1.1709802e+05   1.0598679e+01
   9.3786032e+04   1.1195000e+01   1.1729583e+05   1.0862483e+01   1.1729583e+05   1.0672028e+01   1.1729583e+05   1.0595811e+01
   9.3380416e+04   1.1200000e+01   1.1749363e+05   1.0859611e+01   1.1749363e+05   1.0669159e+01   1.1749363e+05   1.0592942e+01
   9.2974613e+04   1.1205000e+01   1.1769143e+05   1.0856739e+01   1.1769143e+05   1.0666291e+01   1.1769143e+05   1.0590074e+01
   9.2568623e+04   1.1210000e+01   1.1788923e+05   1.0853867e+01   1.1788923e+05   1.0663423e+01   1.1788923e+05   1.0587205e+01
   9.2162445e+04   1.1215000e+01   1.1808703e+05   1.0850995e+01   1.1808703e+05   1.0660554e+01   1.1808703e+05   1.0584337e+01
   9.1756079e+04   1.1220000e+01   1.1828483e+05   1.0848122e+01   1.1828483e+05   1.0657686e+01   1.1828483e+05   1.0581469e+01
   9.1349526e+04   1.1225000e+01   1.1848263e+05   1.0845250e+01   1.1848263e+05   1.0654817e+01   1.1848263e+05   1.0578600e+01
   9.0942879e+04   1.1225000e+01   1.1868043e+05   1.0842377e+01   1.1868043e+05   1.0651949e+01   1.1868043e+05   1.0575732e+01
   9.0536045e+04   1.1235000e+01   1.1887823e+05   1.0839505e+01   1.1887823e+05   1.0649081e+01   1.1887823e+05   1.0572863e+01
   9.0128930e+04   1.1240000e+01   1.1907603e+05   1.0836632e+01   1.1907603e+05   1.0646212e+01   1.1907603e+05   1.0569995e+01
   8.9721627e+04   1.1245000e+01   1.1927383e+05   1.0833759e+01   1.1927383e+05   1.0643344e+01   1.1927383e+05   1.0567127e+01
   8.9314136e+04   1.1250000e+01   1.1947163e+05   1.0830885e+01   1.1947163e+05   1.0640475e+01   1.1947163e+05   1.0564258e+01
   8.8906458e+04   1.1255000e+01   1.1966943e+05   1.0828012e+01   1.1966943e+05   1.0637607e+01   1.1966943e+05   1.0561390e+01
   8.8498686e+04   1.1255000e+01   1.1986723e+05   1.0825138e+01   1.1986723e+05   1.0634738e+01   1.1986723e+05   1.0558521e+01
   8.8090727e+04   1.1265000e+01   1.2006504e+05   1.0822265e+01   1.2006504e+05   1.0631870e+01   1.2006504e+05   1.0555653e+01
   8.7682486e+04   1.1270000e+01   1.2026284e+05   1.0819391e+01   1.2026284e+05   1.0629002e+01   1.2026284e+05   1.0552784e+01
   8.7274152e+04   1.1270000e+01   1.2046064e+05   1.0816516e+01   1.2046064e+05   1.0626133e+01   1.2046064e+05   1.0549916e+01
   8.6865724e+04   1.1275000e+01   1.2065844e+05   1.0813642e+01   1.2065844e+05   1.0623265e+01   1.2065844e+05   1.0547048e+01
   8.6457109e+04   1.1280000e+01   1.2085624e+05   1.0810767e+01   1.2085624e+05   1.0620396e+01   1.2085624e+05   1.0544179e+01
   8.6048306e+04   1.1285000e+01   1.2105404e+05   1.0807892e+01   1.2105404e+05   1.0617528e+01   1.2105404e+05   1.0541311e+01
   8.5639221e+04   1.1295000e+01   1.2125184e+05   1.0805017e+01   1.2125184e+05   1.0614660e+01   1.2125184e+05   1.0538442e+01
   8.5229856e+04   1.1300000e+01   1.2144964e+05   1.0802142e+01   1.2144964e+05   1.0611791e+01   1.2144964e+05   1.0535574e+01
   8.4820303e+04   1.1305000e+01   1.2164744e+05   1.0799266e+01   1.2164744e+05   1.0608923e+01   1.2164744e+05   1.0532706e+01
   8.4410562e+04   1.1310000e+01   1.2184524e+05   1.0796390e+01   1.2184524e+05   1.0606054e+01   1.2184524e+05   1.0529837e+01
   8.4000634e+04   1.1315000e+01   1.2204304e+05   1.0793514e+01   1.2204304e+05   1.0603186e+01   1.2204304e+05   1.0526969e+01
   8.3590519e+04   1.1320000e+01   1.2224084e+05   1.0790637e+01   1.2224084e+05   1.0600317e+01   1.2224084e+05   1.0524100e+01
   8.3180215e+04   1.1325000e+01   1.2243864e+05   1.0787760e+01   1.2243864e+05   1.0597449e+01   1.2243864e+05   1.0521232e+01
   8.2769725e+04   1.1330000e+01   1.2263644e+05   1.0784883e+01   1.2263644e+05   1.0594581e+01   1.2263644e+05   1.0518364e+01
   8.2359047e+04   1.1335000e+01   1.2283425e+05   1.0782005e+01   1.2283425e+05   1.0591712e+01   1.2283425e+05   1.0515495e+01
   8.1948088e+04   1.1345000e+01   1.2303205e+05   1.0779128e+01   1.2303205e+05   1.0588844e+01   1.2303205e+05   1.0512627e+01
   8.1536847e+04   1.1350000e+01   1.2322985e+05   1.0776249e+01   1.2322985e+05   1.0585975e+01   1.2322985e+05   1.0509758e+01
   8.1125419e+04   1.1355000e+01   1.2342765e+05   1.0773371e+01   1.2342765e+05   1.0583107e+01   1.2342765e+05   1.0506890e+01
   8.0713804e+04   1.1360000e+01   1.2362545e+05   1.0770492e+01   1.2362545e+05   1.0580239e+01   1.2362545e+05   1.0504021e+01
   8.0302000e+04   1.1365000e+01   1.2382325e+05   1.0767612e+01   1.2382325e+05   1.0577370e+01   1.2382325e+05   1.0501153e+01
   7.9890010e+04   1.1370000e+01   1.2402105e+05   1.0764732e+01   1.2402105e+05   1.0574502e+01   1.2402105e+05   1.0498285e+01
   7.9477738e+04   1.1380000e+01   1.2421885e+05   1.0761852e+01   1.2421885e+05   1.0571633e+01   1.2421885e+05   1.0495416e+01
   7.9065185e+04   1.1385000e+01   1.2441665e+05   1.0758972e+01   1.2441665e+05   1.0568765e+01   1.2441665e+05   1.0492548e+01
   7.8652445e+04   1.1390000e+01   1.2461445e+05   1.0756090e+01   1.2461445e+05   1.0565897e+01   1.2461445e+05   1.0489679e+01
   7.8239517e+04   1.1395000e+01   1.2481225e+05   1.0753209e+01   1.2481225e+05   1.0563028e+01   1.2481225e+05   1.0486811e+01
   7.7826307e+04   1.1405000e+01   1.2501005e+05   1.0750327e+01   1.2501005e+05   1.0560160e+01   1.2501005e+05   1.0483943e+01
   7.7412817e+04   1.1410000e+01   1.2520785e+05   1.0747444e+01   1.2520785e+05   1.0557291e+01   1.2520785e+05   1.0481074e+01
   7.6999139e+04   1.1415000e+01   1.2540565e+05   1.0744561e+01   1.2540565e+05   1.0554423e+01   1.2540565e+05   1.0478206e+01
   7.6585273e+04   1.1420000e+01   1.2560346e+05   1.0741677e+01   1.2560346e+05   1.0551554e+01   1.2560346e+05   1.0475337e+01
   7.6171126e+04   1.1430000e+01   1.2580126e+05   1.0738793e+01   1.2580126e+05   1.0548686e+01   1.2580126e+05   1.0472469e+01
   7.5756698e+04   1.1435000e+01   1.2599906e+05   1.0735908e+01   1.2599906e+05   1.0545818e+01   1.2599906e+05   1.0469601e+01
   7.5342083e+04   1.1440000e+01   1.2619686e+05   1.0733022e+01   1.2619686e+05   1.0542949e+01   1.2619686e+05   1.0466732e+01
   7.4927280e+04   1.1445000e+01   1.2639466e+05   1.0730136e+01   1.2639466e+05   1.0540081e+01   1.2639466e+05   1.0463864e+01
   7.4512195e+04   1.1455000e+01   1.2659246e+05   1.0727249e+01   1.2659246e+05   1.0537212e+01   1.2659246e+05   1.0460995e+01
   7.4096830e+04   1.1460000e+01   1.2679026e+05   1.0724361e+01   1.2679026e+05   1.0534344e+01   1.2679026e+05   1.0458127e+01
   7.3681277e+04   1.1465000e+01   1.2698806e+05   1.0721473e+01   1.2698806e+05   1.0531476e+01   1.2698806e+05   1.0455258e+01
   7.3265443e+04   1.1475000e+01   1.2718586e+05   1.0718584e+01   1.2718586e+05   1.0528607e+01   1.2718586e+05   1.0452390e+01
   7.2849327e+04   1.1480000e+01   1.2738366e+05   1.0715694e+01   1.2738366e+05   1.0525739e+01   1.2738366e+05   1.0449522e+01
   7.2433024e+04   1.1485000e+01   1.2758146e+05   1.0712803e+01   1.2758146e+05   1.0522870e+01   1.2758146e+05   1.0446653e+01
   7.2016533e+04   1.1490000e+01   1.2777926e+05   1.0709912e+01   1.2777926e+05   1.0520002e+01   1.2777926e+05   1.0443785e+01
   7.1599762e+04   1.1500000e+01   1.2797706e+05   1.0707020e+01   1.2797706e+05   1.0517133e+01   1.2797706e+05   1.0440916e+01
   7.1182709e+04   1.1505000e+01   1.2817486e+05   1.0704126e+01   1.2817486e+05   1.0514265e+01   1.2817486e+05   1.0438048e+01
   7.0765374e+04   1.1515000e+01   1.2837267e+05   1.0701232e+01   1.2837267e+05   1.0511397e+01   1.2837267e+05   1.0435180e+01
   7.0347759e+04   1.1520000e+01   1.2857047e+05   1.0698337e+01   1.2857047e+05   1.0508528e+01   1.2857047e+05   1.0432311e+01
   6.9929956e+04   1.1525000e+01   1.2876827e+05   1.0695441e+01   1.2876827e+05   1.0505660e+01   1.2876827e+05   1.0429443e+01
   6.9511871e+04   1.1535000e+01   1.2896607e+05   1.0692543e+01   1.2896607e+05   1.0502791e+01   1.2896607e+05   1.0426574e+01
   6.9093506e+04   1.1540000e+01   1.2916387e+05   1.0689645e+01   1.2916387e+05   1.0499923e+01   1.2916387e+05   1.0423706e+01
   6.8674859e+04   1.1550000e+01   1.2936167e+05   1.0686745e+01   1.2936167e+05   1.0497055e+01   1.2936167e+05   1.0420837e+01
   6.8255931e+04   1.1555000e+01   1.2955947e+05   1.0683845e+01   1.2955947e+05   1.0494186e+01   1.2955947e+05   1.0417969e+01
   6.7836816e+04   1.1560000e+01   1.2975727e+05   1.0680943e+01   1.2975727e+05   1.0491318e+01   1.2975727e+05   1.0415101e+01
   6.7417419e+04   1.1570000e+01   1.2995507e+05   1.0678039e+01   1.2995507e+05   1.0488449e+01   1.2995507e+05   1.0412232e+01
   6.6997741e+04   1.1575000e+01   1.3015287e+05   1.0675135e+01   1.3015287e+05   1.0485581e+01   1.3015287e+05   1.0409364e+01
   6.6577875e+04   1.1580000e+01   1.3035067e+05   1.0672229e+01   1.3035067e+05   1.0482713e+01   1.3035067e+05   1.0406495e+01
   6.6157728e+04   1.1590000e+01   1.3054847e+05   1.0669322e+01   1.3054847e+05   1.0479844e+01   1.3054847e+05   1.0403627e+01
   6.5737300e+04   1.1595000e+01   1.3074627e+05   1.0666413e+01   1.3074627e+05   1.0476976e+01   1.3074627e+05   1.0400759e+01
   6.5316591e+04   1.1605000e+01   1.3094407e+05   1.0663503e+01   1.3094407e+05   1.0474107e+01   1.3094407e+05   1.0397890e+01
   6.4895601e+04   1.1610000e+01   1.3114188e+05   1.0660591e+01   1.3114188e+05   1.0471239e+01   1.3114188e+05   1.0395022e+01
   6.4474329e+04   1.1620000e+01   1.3133968e+05   1.0657677e+01   1.3133968e+05   1.0468370e+01   1.3133968e+05   1.0392153e+01
   6.4052776e+04   1.1625000e+01   1.3153748e+05   1.0654762e+01   1.3153748e+05   1.0465502e+01   1.3153748e+05   1.0389285e+01
   6.3631035e+04   1.1630000e+01   1.3173528e+05   1.0651845e+01   1.3173528e+05   1.0462634e+01   1.3173528e+05   1.0386417e+01
   6.3209013e+04   1.1640000e+01   1.3193308e+05   1.0648926e+01   1.3193308e+05   1.0459765e+01   1.3193308e+05   1.0383548e+01
   6.2786710e+04   1.1645000e+01   1.3213088e+05   1.0646005e+01   1.3213088e+05   1.0456897e+01   1.3213088e+05   1.0380680e+01
   6.2364126e+04   1.1655000e+01   1.3232868e+05   1.0643083e+01   1.3232868e+05   1.0454028e+01   1.3232868e+05   1.0377811e+01
   6.1941261e+04   1.1660000e+01   1.3252648e+05   1.0640158e+01   1.3252648e+05   1.0451160e+01   1.3252648e+05   1.0374943e+01
   6.1518208e+04   1.1665000e+01   1.3272428e+05   1.0637231e+01   1.3272428e+05   1.0448292e+01   1.3272428e+05   1.0372074e+01
   6.1094873e+04   1.1675000e+01   1.3292208e+05   1.0634302e+01   1.3292208e+05   1.0445423e+01   1.3292208e+05   1.0369206e+01
   6.0671258e+04   1.1680000e+01   1.3311988e+05   1.0631370e+01   1.3311988e+05   1.0442555e+01   1.3311988e+05   1.0366338e+01
   6.0247455e+04   1.1685000e+01   1.3331768e+05   1.0628436e+01   1.3331768e+05   1.0439686e+01   1.3331768e+05   1.0363469e+01
   5.9823370e+04   1.1695000e+01   1.3351548e+05   1.0625500e+01   1.3351548e+05   1.0436818e+01   1.3351548e+05   1.0360601e+01
   5.9399005e+04   1.1700000e+01   1.3371328e+05   1.0622561e+01   1.3371328e+05   1.0433949e+01   1.3371328e+05   1.0357732e+01
   5.8974358e+04   1.1710000e+01   1.3391109e+05   1.0619619e+01   1.3391109e+05   1.0431081e+01   1.3391109e+05   1.0354864e+01
   5.8549430e+04   1.1715000e+01   1.3410889e+05   1.0616675e+01   1.3410889e+05   1.0428213e+01   1.3410889e+05   1.0351996e+01
   5.8124314e+04   1.1720000e+01   1.3430669e+05   1.0613728e+01   1.3430669e+05   1.0425344e+01   1.3430669e+05   1.0349127e+01
   5.7698918e+04   1.1730000e+01   1.3450449e+05   1.0610777e+01   1.3450449e+05   1.0422476e+01   1.3450449e+05   1.0346259e+01
   5.7273240e+04   1.1735000e+01   1.3470229e+05   1.0607824e+01   1.3470229e+05   1.0419607e+01   1.3470229e+05   1.0343390e+01
   5.6847374e+04   1.1740000e+01   1.3490009e+05   1.0604867e+01   1.3490009e+05   1.0416739e+01   1.3490009e+05   1.0340522e+01
   5.6421227e+04   1.1750000e+01   1.3509789e+05   1.0601907e+01   1.3509789e+05   1.0413871e+01   1.3509789e+05   1.0337654e+01
   5.5994799e+04   1.1755000e+01   1.3529569e+05   1.0598944e+01   1.3529569e+05   1.0411002e+01   1.3529569e+05   1.0334785e+01
   5.5568184e+04   1.1760000e+01   1.3549349e+05   1.0595977e+01   1.3549349e+05   1.0408134e+01   1.3549349e+05   1.0331917e+01
   5.5141287e+04   1.1770000e+01   1.3569129e+05   1.0593006e+01   1.3569129e+05   1.0405265e+01   1.3569129e+05   1.0329048e+01
   5.4714109e+04   1.1775000e+01   1.3588909e+05   1.0590032e+01   1.3588909e+05   1.0402397e+01   1.3588909e+05   1.0326180e+01
   5.4286743e+04   1.1780000e+01   1.3608689e+05   1.0587053e+01   1.3608689e+05   1.0399529e+01   1.3608689e+05   1.0323311e+01
   5.3859097e+04   1.1790000e+01   1.3628469e+05   1.0584070e+01   1.3628469e+05   1.0396660e+01   1.3628469e+05   1.0320443e+01
   5.3431169e+04   1.1795000e+01   1.3648249e+05   1.0581083e+01   1.3648249e+05   1.0393792e+01   1.3648249e+05   1.0317575e+01
   5.3003053e+04   1.1800000e+01   1.3668030e+05   1.0578092e+01   1.3668030e+05   1.0390923e+01   1.3668030e+05   1.0314706e+01
   5.2574656e+04   1.1810000e+01   1.3687810e+05   1.0575095e+01   1.3687810e+05   1.0388055e+01   1.3687810e+05   1.0311838e+01
   5.2145978e+04   1.1815000e+01   1.3707590e+05   1.0572094e+01   1.3707590e+05   1.0385186e+01   1.3707590e+05   1.0308969e+01
   5.1717113e+04   1.1820000e+01   1.3727370e+05   1.0569088e+01   1.3727370e+05   1.0382318e+01   1.3727370e+05   1.0306101e+01
   5.1288060e+04   1.1825000e+01   1.3747150e+05   1.0566076e+01   1.3747150e+05   1.0379450e+01   1.3747150e+05   1.0303233e+01
   5.0858725e+04   1.1835000e+01   1.3766930e+05   1.0563060e+01   1.3766930e+05   1.0376581e+01   1.3766930e+05   1.0300364e+01
   5.0429110e+04   1.1840000e+01   1.3786710e+05   1.0560037e+01   1.3786710e+05   1.0373713e+01   1.3786710e+05   1.0297496e+01
   4.9999213e+04   1.1850000e+01   1.3806490e+05   1.0557009e+01   1.3806490e+05   1.0370844e+01   1.3806490e+05   1.0294627e+01
   4.9569035e+04   1.1855000e+01   1.3826270e+05   1.0553975e+01   1.3826270e+05   1.0367976e+01   1.3826270e+05   1.0291759e+01
   4.9138669e+04   1.1860000e+01   1.3846050e+05   1.0550934e+01   1.3846050e+05   1.0365108e+01   1.3846050e+05   1.0288890e+01
   4.8708116e+04   1.1865000e+01   1.3865830e+05   1.0547887e+01   1.3865830e+05   1.0362239e+01   1.3865830e+05   1.0286022e+01
   4.8277376e+04   1.1870000e+01   1.3885610e+05   1.0544833e+01   1.3885610e+05   1.0359371e+01   1.3885610e+05   1.0283154e+01
   4.7846354e+04   1.1880000e+01   1.3905390e+05   1.0541772e+01   1.3905390e+05   1.0356502e+01   1.3905390e+05   1.0280285e+01
   4.7415051e+04   1.1885000e+01   1.3925171e+05   1.0538704e+01   1.3925171e+05   1.0353634e+01   1.3925171e+05   1.0277417e+01
   4.6983560e+04   1.1890000e+01   1.3944951e+05   1.0535628e+01   1.3944951e+05   1.0350765e+01   1.3944951e+05   1.0274548e+01
   4.6551789e+04   1.1900000e+01   1.3964731e+05   1.0532544e+01   1.3964731e+05   1.0347897e+01   1.3964731e+05   1.0271680e+01
   4.6119736e+04   1.1905000e+01   1.3984511e+05   1.0529452e+01   1.3984511e+05   1.0345029e+01   1.3984511e+05   1.0268812e+01
   4.5687495e+04   1.1910000e+01   1.4004291e+05   1.0526352e+01   1.4004291e+05   1.0342160e+01   1.4004291e+05   1.0265943e+01
   4.5255067e+04   1.1915000e+01   1.4024071e+05   1.0523243e+01   1.4024071e+05   1.0339292e+01   1.4024071e+05   1.0263075e+01
   4.4822358e+04   1.1925000e+01   1.4043851e+05   1.0520125e+01   1.4043851e+05   1.0336423e+01   1.4043851e+05   1.0260206e+01
   4.4389367e+04   1.1930000e+01   1.4063631e+05   1.0516997e+01   1.4063631e+05   1.0333555e+01   1.4063631e+05   1.0257338e+01
   4.3956189e+04   1.1935000e+01   1.4083411e+05   1.0513859e+01   1.4083411e+05   1.0330687e+01   1.4083411e+05   1.0254470e+01
   4.3522824e+04   1.1940000e+01   1.4103191e+05   1.0510712e+01   1.4103191e+05   1.0327818e+01   1.4103191e+05   1.0251601e+01
   4.3089177e+04   1.1950000e+01   1.4122971e+05   1.0507553e+01   1.4122971e+05   1.0324950e+01   1.4122971e+05   1.0248733e+01
   4.2655249e+04   1.1955000e+01   1.4142751e+05   1.0504384e+01   1.4142751e+05   1.0322081e+01   1.4142751e+05   1.0245864e+01
   4.2221133e+04   1.1960000e+01   1.4162531e+05   1.0501203e+01   1.4162531e+05   1.0319213e+01   1.4162531e+05   1.0242996e+01
   4.1786830e+04   1.1965000e+01   1.4182311e+05   1.0498011e+01   1.4182311e+05   1.0316344e+01   1.4182311e+05   1.0240127e+01
   4.1352340e+04   1.1970000e+01   1.4202092e+05   1.0494806e+01   1.4202092e+05   1.0313476e+01   1.4202092e+05   1.0237259e+01
   4.0917568e+04   1.1980000e+01   1.4221872e+05   1.0491588e+01   1.4221872e+05   1.0310608e+01   1.4221872e+05   1.0234391e+01
   4.0482515e+04   1.1985000e+01   1.4241652e+05   1.0488357e+01   1.4241652e+05   1.0307739e+01   1.4241652e+05   1.0231522e+01
   4.0047181e+04   1.1995000e+01   1.4261432e+05   1.0485113e+01   1.4261432e+05   1.0304871e+01   1.4261432e+05   1.0228654e+01
   3.9611565e+04   1.2000000e+01   1.4281212e+05   1.0481854e+01   1.4281212e+05   1.0302002e+01   1.4281212e+05   1.0225785e+01
   3.9175762e+04   1.2005000e+01   1.4300992e+05   1.0478581e+01   1.4300992e+05   1.0299134e+01   1.4300992e+05   1.0222917e+01
   3.8739771e+04   1.2010000e+01   1.4320772e+05   1.0475292e+01   1.4320772e+05   1.0296266e+01   1.4320772e+05   1.0220049e+01
   3.8303593e+04   1.2015000e+01   1.4340552e+05   1.0471987e+01   1.4340552e+05   1.0293397e+01   1.4340552e+05   1.0217180e+01
   3.7867134e+04   1.2025000e+01   1.4360332e+05   1.0468665e+01   1.4360332e+05   1.0290529e+01   1.4360332e+05   1.0214312e+01
   3.7430394e+04   1.2030000e+01   1.4380112e+05   1.0465327e+01   1.4380112e+05   1.0287660e+01   1.4380112e+05   1.0211443e+01
   3.6993466e+04   1.2035000e+01   1.4399892e+05   1.0461970e+01   1.4399892e+05   1.0284792e+01   1.4399892e+05   1.0208575e+01
   3.6556256e+04   1.2045000e+01   1.4419672e+05   1.0458595e+01   1.4419672e+05   1.0281924e+01   1.4419672e+05   1.0205706e+01
   3.6118766e+04   1.2050000e+01   1.4439452e+05   1.0455201e+01   1.4439452e+05   1.0279055e+01   1.4439452e+05   1.0202838e+01
   3.5681088e+04   1.2055000e+01   1.4459232e+05   1.0451787e+01   1.4459232e+05   1.0276187e+01   1.4459232e+05   1.0199970e+01
   3.5243128e+04   1.2065000e+01   1.4479013e+05   1.0448352e+01   1.4479013e+05   1.0273318e+01   1.4479013e+05   1.0197101e+01
   3.4804888e+04   1.2070000e+01   1.4498793e+05   1.0444896e+01   1.4498793e+05   1.0270450e+01   1.4498793e+05   1.0194233e+01
   3.4366460e+04   1.2075000e+01   1.4518573e+05   1.0441418e+01   1.4518573e+05   1.0267581e+01   1.4518573e+05   1.0191364e+01
   3.3927751e+04   1.2085000e+01   1.4538353e+05   1.0437916e+01   1.4538353e+05   1.0264713e+01   1.4538353e+05   1.0188496e+01
   3.3488760e+04   1.2090000e+01   1.4558133e+05   1.0434391e+01   1.4558133e+05   1.0261845e+01   1.4558133e+05   1.0185628e+01
   3.3049488e+04   1.2100000e+01   1.4577913e+05   1.0430840e+01   1.4577913e+05   1.0258976e+01   1.4577913e+05   1.0182759e+01
   3.2609935e+04   1.2105000e+01   1.4597693e+05   1.0427264e+01   1.4597693e+05   1.0256108e+01   1.4597693e+05   1.0179891e+01
   3.2170195e+04   1.2110000e+01   1.4617473e+05   1.0423661e+01   1.4617473e+05   1.0253239e+01   1.4617473e+05   1.0177022e+01
   3.1730267e+04   1.2115000e+01   1.4637253e+05   1.0420030e+01   1.4637253e+05   1.0250371e+01   1.4637253e+05   1.0174154e+01
   3.1290057e+04   1.2125000e+01   1.4657033e+05   1.0416370e+01   1.4657033e+05   1.0247503e+01   1.4657033e+05   1.0171286e+01
   3.0849567e+04   1.2130000e+01   1.4676813e+05   1.0412680e+01   1.4676813e+05   1.0244634e+01   1.4676813e+05   1.0168417e+01
   3.0408795e+04   1.2140000e+01   1.4696593e+05   1.0408959e+01   1.4696593e+05   1.0241766e+01   1.4696593e+05   1.0165549e+01
   2.9967648e+04   1.2150000e+01   1.4716373e+05   1.0405206e+01   1.4716373e+05   1.0238897e+01   1.4716373e+05   1.0162680e+01
   2.9526220e+04   1.2155000e+01   1.4736153e+05   1.0401419e+01   1.4736153e+05   1.0236029e+01   1.4736153e+05   1.0159812e+01
   2.9084605e+04   1.2160000e+01   1.4755934e+05   1.0397597e+01   1.4755934e+05   1.0233160e+01   1.4755934e+05   1.0156943e+01
   2.8642708e+04   1.2170000e+01   1.4775714e+05   1.0393739e+01   1.4775714e+05   1.0230292e+01   1.4775714e+05   1.0154075e+01
   2.8200530e+04   1.2175000e+01   1.4795494e+05   1.0389844e+01   1.4795494e+05   1.0227424e+01   1.4795494e+05   1.0151207e+01
   2.7758071e+04   1.2185000e+01   1.4815274e+05   1.0385910e+01   1.4815274e+05   1.0224555e+01   1.4815274e+05   1.0148338e+01
   2.7315236e+04   1.2195000e+01   1.4835054e+05   1.0381935e+01   1.4835054e+05   1.0221687e+01   1.4835054e+05   1.0145470e+01
   2.6872121e+04   1.2200000e+01   1.4854834e+05   1.0377919e+01   1.4854834e+05   1.0218818e+01   1.4854834e+05   1.0142601e+01
   2.6428724e+04   1.2210000e+01   1.4874614e+05   1.0373859e+01   1.4874614e+05   1.0215950e+01   1.4874614e+05   1.0139733e+01
   2.5985046e+04   1.2215000e+01   1.4894394e+05   1.0369753e+01   1.4894394e+05   1.0213082e+01   1.4894394e+05   1.0136865e+01
   2.5541087e+04   1.2225000e+01   1.4914174e+05   1.0365601e+01   1.4914174e+05   1.0210213e+01   1.4914174e+05   1.0133996e+01
   2.5096846e+04   1.2230000e+01   1.4933954e+05   1.0361401e+01   1.4933954e+05   1.0207345e+01   1.4933954e+05   1.0131128e+01
