   1.4922867e+05   1.0170000e+01   0.0000000e+00   1.2554876e+01   0.0000000e+00   1.2371380e+01   0.0000000e+00   1.2297981e+01
   1.4877587e+05   1.0175000e+01   1.9765387e+02   1.2552004e+01   1.9765387e+02   1.2368507e+01   1.9765387e+02   1.2295108e+01
   1.4832283e+05   1.0180000e+01   3.9530775e+02   1.2549131e+01   3.9530775e+02   1.2365635e+01   3.9530775e+02   1.2292236e+01
   1.4786957e+05   1.0185000e+01   5.9296162e+02   1.2546259e+01   5.9296162e+02   1.2362762e+01   5.9296162e+02   1.2289363e+01
   1.4741609e+05   1.0190000e+01   7.9061549e+02   1.2543386e+01   7.9061549e+02   1.2359890e+01   7.9061549e+02   1.2286491e+01
   1.4696227e+05   1.0200000e+01   9.8826936e+02   1.2540514e+01   9.8826936e+02   1.2357017e+01   9.8826936e+02   1.2283619e+01
   1.4650811e+05   1.0205000e+01   1.1859232e+03   1.2537641e+01   1.1859232e+03   1.2354145e+01   1.1859232e+03   1.2280746e+01
   1.4605373e+05   1.0210000e+01   1.3835771e+03   1.2534769e+01   1.3835771e+03   1.2351272e+01   1.3835771e+03   1.2277874e+01
   1.4559912e+05   1.0215000e+01   1.5812310e+03   1.2531896e+01   1.5812310e+03   1.2348400e+01   1.5812310e+03   1.2275001e+01
   1.4514429e+05   1.0220000e+01   1.7788849e+03   1.2529024e+01   1.7788849e+03   1.2345527e+01   1.7788849e+03   1.2272129e+01
   1.4468923e+05   1.0225000e+01   1.9765387e+03   1.2526151e+01   1.9765387e+03   1.2342655e+01   1.9765387e+03   1.2269256e+01
   1.4423395e+05   1.0230000e+01   2.1741926e+03   1.2523279e+01   2.1741926e+03   1.2339782e+01   2.1741926e+03   1.2266384e+01
   1.4377844e+05   1.0235000e+01   2.3718465e+03   1.2520406e+01   2.3718465e+03   1.2336910e+01   2.3718465e+03   1.2263511e+01
   1.4332259e+05   1.0245000e+01   2.5695003e+03   1.2517534e+01   2.5695003e+03   1.2334037e+01   2.5695003e+03   1.2260639e+01
   1.4286641e+05   1.0250000e+01   2.7671542e+03   1.2514662e+01   2.7671542e+03   1.2331165e+01   2.7671542e+03   1.2257766e+01
   1.4241000e+05   1.0255000e+01   2.9648081e+03   1.2511789e+01   2.9648081e+03   1.2328292e+01   2.9648081e+03   1.2254894e+01
   1.4195326e+05   1.0265000e+01   3.1624620e+03   1.2508917e+01   3.1624620e+03   1.2325420e+01   3.1624620e+03   1.2252021e+01
   1.4149617e+05   1.0270000e+01   3.3601158e+03   1.2506044e+01   3.3601158e+03   1.2322548e+01   3.3601158e+03   1.2249149e+01
   1.4103887e+05   1.0275000e+01   3.5577697e+03   1.2503172e+01   3.5577697e+03   1.2319675e+01   3.5577697e+03   1.2246276e+01
   1.4058122e+05   1.0285000e+01   3.7554236e+03   1.2500299e+01   3.7554236e+03   1.2316803e+01   3.7554236e+03   1.2243404e+01
   1.4012324e+05   1.0290000e+01   3.9530775e+03   1.2497427e+01   3.9530775e+03   1.2313930e+01   3.9530775e+03   1.2240531e+01
   1.3966492e+05   1.0300000e+01   4.1507313e+03   1.2494554e+01   4.1507313e+03   1.2311058e+01   4.1507313e+03   1.2237659e+01
   1.3920615e+05   1.0310000e+01   4.3483852e+03   1.2491682e+01   4.3483852e+03   1.2308185e+01   4.3483852e+03   1.2234787e+01
   1.3874693e+05   1.0320000e+01   4.5460391e+03   1.2488809e+01   4.5460391e+03   1.2305313e+01   4.5460391e+03   1.2231914e+01
   1.3828725e+05   1.0330000e+01   4.7436929e+03   1.2485937e+01   4.7436929e+03   1.2302440e+01   4.7436929e+03   1.2229042e+01
   1.3782725e+05   1.0335000e+01   4.9413468e+03   1.2483064e+01   4.9413468e+03   1.2299568e+01   4.9413468e+03   1.2226169e+01
   1.3736690e+05   1.0345000e+01   5.1390007e+03   1.2480192e+01   5.1390007e+03   1.2296695e+01   5.1390007e+03   1.2223297e+01
   1.3690599e+05   1.0360000e+01   5.3366546e+03   1.2477319e+01   5.3366546e+03   1.2293823e+01   5.3366546e+03   1.2220424e+01
   1.3644452e+05   1.0370000e+01   5.5343084e+03   1.2474447e+01   5.5343084e+03   1.2290950e+01   5.5343084e+03   1.2217552e+01
   1.3598260e+05   1.0380000e+01   5.7319623e+03   1.2471574e+01   5.7319623e+03   1.2288078e+01   5.7319623e+03   1.2214679e+01
   1.3552023e+05   1.0390000e+01   5.9296162e+03   1.2468702e+01   5.9296162e+03   1.2285205e+01   5.9296162e+03   1.2211807e+01
   1.3505752e+05   1.0395000e+01   6.1272701e+03   1.2465829e+01   6.1272701e+03   1.2282333e+01   6.1272701e+03   1.2208934e+01
   1.3459436e+05   1.0410000e+01   6.3249239e+03   1.2462957e+01   6.3249239e+03   1.2279460e+01   6.3249239e+03   1.2206062e+01
   1.3413064e+05   1.0420000e+01   6.5225778e+03   1.2460085e+01   6.5225778e+03   1.2276588e+01   6.5225778e+03   1.2203189e+01
   1.3366659e+05   1.0425000e+01   6.7202317e+03   1.2457212e+01   6.7202317e+03   1.2273715e+01   6.7202317e+03   1.2200317e+01
   1.3320219e+05   1.0435000e+01   6.9178855e+03   1.2454340e+01   6.9178855e+03   1.2270843e+01   6.9178855e+03   1.2197444e+01
   1.3273734e+05   1.0445000e+01   7.1155394e+03   1.2451467e+01   7.1155394e+03   1.2267971e+01   7.1155394e+03   1.2194572e+01
   1.3227205e+05   1.0455000e+01   7.3131933e+03   1.2448595e+01   7.3131933e+03   1.2265098e+01   7.3131933e+03   1.2191699e+01
   1.3180630e+05   1.0465000e+01   7.5108472e+03   1.2445722e+01   7.5108472e+03   1.2262226e+01   7.5108472e+03   1.2188827e+01
   1.3134011e+05   1.0475000e+01   7.7085010e+03   1.2442850e+01   7.7085010e+03   1.2259353e+01   7.7085010e+03   1.2185954e+01
   1.3087346e+05   1.0485000e+01   7.9061549e+03   1.2439977e+01   7.9061549e+03   1.2256481e+01   7.9061549e+03   1.2183082e+01
   1.3040637e+05   1.0495000e+01   8.1038088e+03   1.2437105e+01   8.1038088e+03   1.2253608e+01   8.1038088e+03   1.2180210e+01
   1.2993882e+05   1.0505000e+01   8.3014626e+03   1.2434232e+01   8.3014626e+03   1.2250736e+01   8.3014626e+03   1.2177337e+01
   1.2947094e+05   1.0510000e+01   8.4991165e+03   1.2431360e+01   8.4991165e+03   1.2247863e+01   8.4991165e+03   1.2174465e+01
   1.2900272e+05   1.0520000e+01   8.6967704e+03   1.2428487e+01   8.6967704e+03   1.2244991e+01   8.6967704e+03   1.2171592e+01
   1.2853405e+05   1.0530000e+01   8.8944243e+03   1.2425615e+01   8.8944243e+03   1.2242118e+01   8.8944243e+03   1.2168720e+01
   1.2806493e+05   1.0540000e+01   9.0920781e+03   1.2422742e+01   9.0920781e+03   1.2239246e+01   9.0920781e+03   1.2165847e+01
   1.2759536e+05   1.0550000e+01   9.2897320e+03   1.2419870e+01   9.2897320e+03   1.2236373e+01   9.2897320e+03   1.2162975e+01
   1.2712534e+05   1.0560000e+01   9.4873859e+03   1.2416997e+01   9.4873859e+03   1.2233501e+01   9.4873859e+03   1.2160102e+01
   1.2665486e+05   1.0570000e+01   9.6850398e+03   1.2414125e+01   9.6850398e+03   1.2230628e+01   9.6850398e+03   1.2157230e+01
   1.2618394e+05   1.0580000e+01   9.8826936e+03   1.2411252e+01   9.8826936e+03   1.2227756e+01   9.8826936e+03   1.2154357e+01
   1.2571257e+05   1.0590000e+01   1.0080348e+04   1.2408380e+01   1.0080348e+04   1.2224883e+01   1.0080348e+04   1.2151485e+01
   1.2524087e+05   1.0595000e+01   1.0278001e+04   1.2405508e+01   1.0278001e+04   1.2222011e+01   1.0278001e+04   1.2148612e+01
   1.2476882e+05   1.0605000e+01   1.0475655e+04   1.2402635e+01   1.0475655e+04   1.2219138e+01   1.0475655e+04   1.2145740e+01
   1.2429644e+05   1.0610000e+01   1.0673309e+04   1.2399763e+01   1.0673309e+04   1.2216266e+01   1.0673309e+04   1.2142867e+01
   1.2382383e+05   1.0615000e+01   1.0870963e+04   1.2396890e+01   1.0870963e+04   1.2213394e+01   1.0870963e+04   1.2139995e+01
   1.2335088e+05   1.0625000e+01   1.1068617e+04   1.2394018e+01   1.1068617e+04   1.2210521e+01   1.1068617e+04   1.2137122e+01
   1.2287760e+05   1.0630000e+01   1.1266271e+04   1.2391145e+01   1.1266271e+04   1.2207649e+01   1.1266271e+04   1.2134250e+01
   1.2240409e+05   1.0635000e+01   1.1463925e+04   1.2388273e+01   1.1463925e+04   1.2204776e+01   1.1463925e+04   1.2131377e+01
   1.2193025e+05   1.0645000e+01   1.1661578e+04   1.2385400e+01   1.1661578e+04   1.2201904e+01   1.1661578e+04   1.2128505e+01
   1.2145606e+05   1.0650000e+01   1.1859232e+04   1.2382528e+01   1.1859232e+04   1.2199031e+01   1.1859232e+04   1.2125633e+01
   1.2098166e+05   1.0655000e+01   1.2056886e+04   1.2379655e+01   1.2056886e+04   1.2196159e+01   1.2056886e+04   1.2122760e+01
   1.2050702e+05   1.0660000e+01   1.2254540e+04   1.2376783e+01   1.2254540e+04   1.2193286e+01   1.2254540e+04   1.2119888e+01
   1.2003216e+05   1.0665000e+01   1.2452194e+04   1.2373910e+01   1.2452194e+04   1.2190414e+01   1.2452194e+04   1.2117015e+01
   1.1955708e+05   1.0670000e+01   1.2649848e+04   1.2371038e+01   1.2649848e+04   1.2187541e+01   1.2649848e+04   1.2114143e+01
   1.1908189e+05   1.0670000e+01   1.2847502e+04   1.2368165e+01   1.2847502e+04   1.2184669e+01   1.2847502e+04   1.2111270e+01
   1.1860646e+05   1.0680000e+01   1.3045156e+04   1.2365293e+01   1.3045156e+04   1.2181796e+01   1.3045156e+04   1.2108398e+01
   1.1813071e+05   1.0685000e+01   1.3242809e+04   1.2362420e+01   1.3242809e+04   1.2178924e+01   1.3242809e+04   1.2105525e+01
   1.1765472e+05   1.0690000e+01   1.3440463e+04   1.2359548e+01   1.3440463e+04   1.2176051e+01   1.3440463e+04   1.2102653e+01
   1.1717852e+05   1.0695000e+01   1.3638117e+04   1.2356675e+01   1.3638117e+04   1.2173179e+01   1.3638117e+04   1.2099780e+01
   1.1670208e+05   1.0700000e+01   1.3835771e+04   1.2353803e+01   1.3835771e+04   1.2170306e+01   1.3835771e+04   1.2096908e+01
   1.1622542e+05   1.0705000e+01   1.4033425e+04   1.2350931e+01   1.4033425e+04   1.2167434e+01   1.4033425e+04   1.2094035e+01
   1.1574854e+05   1.0710000e+01   1.4231079e+04   1.2348058e+01   1.4231079e+04   1.2164561e+01   1.4231079e+04   1.2091163e+01
   1.1527143e+05   1.0715000e+01   1.4428733e+04   1.2345186e+01   1.4428733e+04   1.2161689e+01   1.4428733e+04   1.2088290e+01
   1.1479410e+05   1.0720000e+01   1.4626387e+04   1.2342313e+01   1.4626387e+04   1.2158817e+01   1.4626387e+04   1.2085418e+01
   1.1431654e+05   1.0725000e+01   1.4824040e+04   1.2339441e+01   1.4824040e+04   1.2155944e+01   1.4824040e+04   1.2082545e+01
   1.1383876e+05   1.0730000e+01   1.5021694e+04   1.2336568e+01   1.5021694e+04   1.2153072e+01   1.5021694e+04   1.2079673e+01
   1.1336075e+05   1.0735000e+01   1.5219348e+04   1.2333696e+01   1.5219348e+04   1.2150199e+01   1.5219348e+04   1.2076800e+01
   1.1288252e+05   1.0740000e+01   1.5417002e+04   1.2330823e+01   1.5417002e+04   1.2147327e+01   1.5417002e+04   1.2073928e+01
   1.1240417e+05   1.0740000e+01   1.5614656e+04   1.2327951e+01   1.5614656e+04   1.2144454e+01   1.5614656e+04   1.2071056e+01
   1.1192571e+05   1.0745000e+01   1.5812310e+04   1.2325078e+01   1.5812310e+04   1.2141582e+01   1.5812310e+04   1.2068183e+01
   1.1144703e+05   1.0750000e+01   1.6009964e+04   1.2322206e+01   1.6009964e+04   1.2138709e+01   1.6009964e+04   1.2065311e+01
   1.1096812e+05   1.0755000e+01   1.6207618e+04   1.2319333e+01   1.6207618e+04   1.2135837e+01   1.6207618e+04   1.2062438e+01
   1.1048899e+05   1.0760000e+01   1.6405271e+04   1.2316461e+01   1.6405271e+04   1.2132964e+01   1.6405271e+04   1.2059566e+01
   1.1000963e+05   1.0765000e+01   1.6602925e+04   1.2313588e+01   1.6602925e+04   1.2130092e+01   1.6602925e+04   1.2056693e+01
   1.0953005e+05   1.0770000e+01   1.6800579e+04   1.2310716e+01   1.6800579e+04   1.2127219e+01   1.6800579e+04   1.2053821e+01
   1.0905024e+05   1.0775000e+01   1.6998233e+04   1.2307843e+01   1.6998233e+04   1.2124347e+01   1.6998233e+04   1.2050948e+01
   1.0857032e+05   1.0775000e+01   1.7195887e+04   1.2304971e+01   1.7195887e+04   1.2121474e+01   1.7195887e+04   1.2048076e+01
   1.0809029e+05   1.0780000e+01   1.7393541e+04   1.2302098e+01   1.7393541e+04   1.2118602e+01   1.7393541e+04   1.2045203e+01
   1.0761003e+05   1.0785000e+01   1.7591195e+04   1.2299226e+01   1.7591195e+04   1.2115729e+01   1.7591195e+04   1.2042331e+01
   1.0712955e+05   1.0790000e+01   1.7788849e+04   1.2296354e+01   1.7788849e+04   1.2112857e+01   1.7788849e+04   1.2039458e+01
   1.0664884e+05   1.0795000e+01   1.7986502e+04   1.2293481e+01   1.7986502e+04   1.2109984e+01   1.7986502e+04   1.2036586e+01
   1.0616802e+05   1.0795000e+01   1.8184156e+04   1.2290609e+01   1.8184156e+04   1.2107112e+01   1.8184156e+04   1.2033713e+01
   1.0568708e+05   1.0800000e+01   1.8381810e+04   1.2287736e+01   1.8381810e+04   1.2104240e+01   1.8381810e+04   1.2030841e+01
   1.0520593e+05   1.0805000e+01   1.8579464e+04   1.2284864e+01   1.8579464e+04   1.2101367e+01   1.8579464e+04   1.2027968e+01
   1.0472454e+05   1.0810000e+01   1.8777118e+04   1.2281991e+01   1.8777118e+04   1.2098495e+01   1.8777118e+04   1.2025096e+01
   1.0424293e+05   1.0815000e+01   1.8974772e+04   1.2279119e+01   1.8974772e+04   1.2095622e+01   1.8974772e+04   1.2022223e+01
   1.0376110e+05   1.0820000e+01   1.9172426e+04   1.2276246e+01   1.9172426e+04   1.2092750e+01   1.9172426e+04   1.2019351e+01
   1.0327904e+05   1.0825000e+01   1.9370080e+04   1.2273374e+01   1.9370080e+04   1.2089877e+01   1.9370080e+04   1.2016479e+01
   1.0279687e+05   1.0825000e+01   1.9567733e+04   1.2270501e+01   1.9567733e+04   1.2087005e+01   1.9567733e+04   1.2013606e+01
   1.0231459e+05   1.0830000e+01   1.9765387e+04   1.2267629e+01   1.9765387e+04   1.2084132e+01   1.9765387e+04   1.2010734e+01
   1.0183208e+05   1.0835000e+01   1.9963041e+04   1.2264756e+01   1.9963041e+04   1.2081260e+01   1.9963041e+04   1.2007861e+01
   1.0134935e+05   1.0840000e+01   2.0160695e+04   1.2261884e+01   2.0160695e+04   1.2078387e+01   2.0160695e+04   1.2004989e+01
   1.0086639e+05   1.0845000e+01   2.0358349e+04   1.2259011e+01   2.0358349e+04   1.2075515e+01   2.0358349e+04   1.2002116e+01
   1.0038321e+05   1.0850000e+01   2.0556003e+04   1.2256139e+01   2.0556003e+04   1.2072642e+01   2.0556003e+04   1.1999244e+01
   9.9899912e+04   1.0850000e+01   2.0753657e+04   1.2253266e+01   2.0753657e+04   1.2069770e+01   2.0753657e+04   1.1996371e+01
   9.9416391e+04   1.0860000e+01   2.0951310e+04   1.2250394e+01   2.0951310e+04   1.2066897e+01   2.0951310e+04   1.1993499e+01
   9.8932533e+04   1.0865000e+01   2.1148964e+04   1.2247522e+01   2.1148964e+04   1.2064025e+01   2.1148964e+04   1.1990626e+01
   9.8448562e+04   1.0865000e+01   2.1346618e+04   1.2244649e+01   2.1346618e+04   1.2061152e+01   2.1346618e+04   1.1987754e+01
   9.7964479e+04   1.0870000e+01   2.1544272e+04   1.2241777e+01   2.1544272e+04   1.2058280e+01   2.1544272e+04   1.1984881e+01
   9.7480171e+04   1.0875000e+01   2.1741926e+04   1.2238904e+01   2.1741926e+04   1.2055408e+01   2.1741926e+04   1.1982009e+01
   9.6995301e+04   1.0895000e+01   2.1939580e+04   1.2236032e+01   2.1939580e+04   1.2052535e+01   2.1939580e+04   1.1979136e+01
   9.6509867e+04   1.0900000e+01   2.2137234e+04   1.2233159e+01   2.2137234e+04   1.2049663e+01   2.2137234e+04   1.1976264e+01
   9.6024209e+04   1.0905000e+01   2.2334888e+04   1.2230287e+01   2.2334888e+04   1.2046790e+01   2.2334888e+04   1.1973391e+01
   9.5538326e+04   1.0910000e+01   2.2532541e+04   1.2227414e+01   2.2532541e+04   1.2043918e+01   2.2532541e+04   1.1970519e+01
   9.5052218e+04   1.0915000e+01   2.2730195e+04   1.2224542e+01   2.2730195e+04   1.2041045e+01   2.2730195e+04   1.1967647e+01
   9.4565885e+04   1.0920000e+01   2.2927849e+04   1.2221669e+01   2.2927849e+04   1.2038173e+01   2.2927849e+04   1.1964774e+01
   9.4079440e+04   1.0920000e+01   2.3125503e+04   1.2218797e+01   2.3125503e+04   1.2035300e+01   2.3125503e+04   1.1961902e+01
   9.3592881e+04   1.0925000e+01   2.3323157e+04   1.2215924e+01   2.3323157e+04   1.2032428e+01   2.3323157e+04   1.1959029e+01
   9.3105986e+04   1.0935000e+01   2.3520811e+04   1.2213052e+01   2.3520811e+04   1.2029555e+01   2.3520811e+04   1.1956157e+01
   9.2618865e+04   1.0935000e+01   2.3718465e+04   1.2210179e+01   2.3718465e+04   1.2026683e+01   2.3718465e+04   1.1953284e+01
   9.2131632e+04   1.0940000e+01   2.3916119e+04   1.2207307e+01   2.3916119e+04   1.2023810e+01   2.3916119e+04   1.1950412e+01
   9.1644174e+04   1.0945000e+01   2.4113772e+04   1.2204434e+01   2.4113772e+04   1.2020938e+01   2.4113772e+04   1.1947539e+01
   9.1156491e+04   1.0950000e+01   2.4311426e+04   1.2201562e+01   2.4311426e+04   1.2018065e+01   2.4311426e+04   1.1944667e+01
   9.0668583e+04   1.0955000e+01   2.4509080e+04   1.2198689e+01   2.4509080e+04   1.2015193e+01   2.4509080e+04   1.1941794e+01
   9.0180450e+04   1.0960000e+01   2.4706734e+04   1.2195817e+01   2.4706734e+04   1.2012320e+01   2.4706734e+04   1.1938922e+01
   8.9692092e+04   1.0965000e+01   2.4904388e+04   1.2192945e+01   2.4904388e+04   1.2009448e+01   2.4904388e+04   1.1936049e+01
   8.9203509e+04   1.0970000e+01   2.5102042e+04   1.2190072e+01   2.5102042e+04   1.2006575e+01   2.5102042e+04   1.1933177e+01
   8.8714813e+04   1.0970000e+01   2.5299696e+04   1.2187200e+01   2.5299696e+04   1.2003703e+01   2.5299696e+04   1.1930304e+01
   8.8225892e+04   1.0980000e+01   2.5497350e+04   1.2184327e+01   2.5497350e+04   1.2000831e+01   2.5497350e+04   1.1927432e+01
   8.7736747e+04   1.0980000e+01   2.5695003e+04   1.2181455e+01   2.5695003e+04   1.1997958e+01   2.5695003e+04   1.1924559e+01
   8.7247489e+04   1.0985000e+01   2.5892657e+04   1.2178582e+01   2.5892657e+04   1.1995086e+01   2.5892657e+04   1.1921687e+01
   8.6758006e+04   1.0990000e+01   2.6090311e+04   1.2175710e+01   2.6090311e+04   1.1992213e+01   2.6090311e+04   1.1918814e+01
   8.6268298e+04   1.0995000e+01   2.6287965e+04   1.2172837e+01   2.6287965e+04   1.1989341e+01   2.6287965e+04   1.1915942e+01
   8.5778364e+04   1.1000000e+01   2.6485619e+04   1.2169965e+01   2.6485619e+04   1.1986468e+01   2.6485619e+04   1.1913070e+01
   8.5288206e+04   1.1005000e+01   2.6683273e+04   1.2167092e+01   2.6683273e+04   1.1983596e+01   2.6683273e+04   1.1910197e+01
   8.4797823e+04   1.1010000e+01   2.6880927e+04   1.2164220e+01   2.6880927e+04   1.1980723e+01   2.6880927e+04   1.1907325e+01
   8.4307215e+04   1.1015000e+01   2.7078581e+04   1.2161347e+01   2.7078581e+04   1.1977851e+01   2.7078581e+04   1.1904452e+01
   8.3816382e+04   1.1020000e+01   2.7276234e+04   1.2158475e+01   2.7276234e+04   1.1974978e+01   2.7276234e+04   1.1901580e+01
   8.3325324e+04   1.1025000e+01   2.7473888e+04   1.2155602e+01   2.7473888e+04   1.1972106e+01   2.7473888e+04   1.1898707e+01
   8.2834041e+04   1.1030000e+01   2.7671542e+04   1.2152730e+01   2.7671542e+04   1.1969233e+01   2.7671542e+04   1.1895835e+01
   8.2342533e+04   1.1035000e+01   2.7869196e+04   1.2149857e+01   2.7869196e+04   1.1966361e+01   2.7869196e+04   1.1892962e+01
   8.1850800e+04   1.1040000e+01   2.8066850e+04   1.2146985e+01   2.8066850e+04   1.1963488e+01   2.8066850e+04   1.1890090e+01
   8.1358842e+04   1.1045000e+01   2.8264504e+04   1.2144112e+01   2.8264504e+04   1.1960616e+01   2.8264504e+04   1.1887217e+01
   8.0866546e+04   1.1055000e+01   2.8462158e+04   1.2141240e+01   2.8462158e+04   1.1957743e+01   2.8462158e+04   1.1884345e+01
   8.0373913e+04   1.1060000e+01   2.8659812e+04   1.2138368e+01   2.8659812e+04   1.1954871e+01   2.8659812e+04   1.1881472e+01
   7.9881055e+04   1.1065000e+01   2.8857465e+04   1.2135495e+01   2.8857465e+04   1.1951998e+01   2.8857465e+04   1.1878600e+01
   7.9387972e+04   1.1070000e+01   2.9055119e+04   1.2132623e+01   2.9055119e+04   1.1949126e+01   2.9055119e+04   1.1875727e+01
   7.8894664e+04   1.1075000e+01   2.9252773e+04   1.2129750e+01   2.9252773e+04   1.1946254e+01   2.9252773e+04   1.1872855e+01
   7.8401131e+04   1.1080000e+01   2.9450427e+04   1.2126878e+01   2.9450427e+04   1.1943381e+01   2.9450427e+04   1.1869982e+01
   7.7907260e+04   1.1090000e+01   2.9648081e+04   1.2124005e+01   2.9648081e+04   1.1940509e+01   2.9648081e+04   1.1867110e+01
   7.7413052e+04   1.1095000e+01   2.9845735e+04   1.2121133e+01   2.9845735e+04   1.1937636e+01   2.9845735e+04   1.1864237e+01
   7.6918619e+04   1.1100000e+01   3.0043389e+04   1.2118260e+01   3.0043389e+04   1.1934764e+01   3.0043389e+04   1.1861365e+01
   7.6423961e+04   1.1105000e+01   3.0241043e+04   1.2115388e+01   3.0241043e+04   1.1931891e+01   3.0241043e+04   1.1858493e+01
   7.5928965e+04   1.1115000e+01   3.0438696e+04   1.2112515e+01   3.0438696e+04   1.1929019e+01   3.0438696e+04   1.1855620e+01
   7.5433632e+04   1.1120000e+01   3.0636350e+04   1.2109643e+01   3.0636350e+04   1.1926146e+01   3.0636350e+04   1.1852748e+01
   7.4938074e+04   1.1125000e+01   3.0834004e+04   1.2106770e+01   3.0834004e+04   1.1923274e+01   3.0834004e+04   1.1849875e+01
   7.4442178e+04   1.1135000e+01   3.1031658e+04   1.2103898e+01   3.1031658e+04   1.1920401e+01   3.1031658e+04   1.1847003e+01
   7.3945833e+04   1.1145000e+01   3.1229312e+04   1.2101025e+01   3.1229312e+04   1.1917529e+01   3.1229312e+04   1.1844130e+01
   7.3449150e+04   1.1150000e+01   3.1426966e+04   1.2098153e+01   3.1426966e+04   1.1914656e+01   3.1426966e+04   1.1841258e+01
   7.2952129e+04   1.1160000e+01   3.1624620e+04   1.2095280e+01   3.1624620e+04   1.1911784e+01   3.1624620e+04   1.1838385e+01
   7.2454658e+04   1.1170000e+01   3.1822273e+04   1.2092408e+01   3.1822273e+04   1.1908911e+01   3.1822273e+04   1.1835513e+01
   7.1956738e+04   1.1180000e+01   3.2019927e+04   1.2089535e+01   3.2019927e+04   1.1906039e+01   3.2019927e+04   1.1832640e+01
   7.1458367e+04   1.1190000e+01   3.2217581e+04   1.2086663e+01   3.2217581e+04   1.1903166e+01   3.2217581e+04   1.1829768e+01
   7.0959547e+04   1.1200000e+01   3.2415235e+04   1.2083791e+01   3.2415235e+04   1.1900294e+01   3.2415235e+04   1.1826895e+01
   7.0460276e+04   1.1210000e+01   3.2612889e+04   1.2080918e+01   3.2612889e+04   1.1897421e+01   3.2612889e+04   1.1824023e+01
   6.9960555e+04   1.1220000e+01   3.2810543e+04   1.2078046e+01   3.2810543e+04   1.1894549e+01   3.2810543e+04   1.1821150e+01
   6.9460272e+04   1.1235000e+01   3.3008197e+04   1.2075173e+01   3.3008197e+04   1.1891677e+01   3.3008197e+04   1.1818278e+01
   6.8959427e+04   1.1245000e+01   3.3205851e+04   1.2072301e+01   3.3205851e+04   1.1888804e+01   3.3205851e+04   1.1815405e+01
   6.8458131e+04   1.1255000e+01   3.3403504e+04   1.2069428e+01   3.3403504e+04   1.1885932e+01   3.3403504e+04   1.1812533e+01
   6.7956386e+04   1.1265000e+01   3.3601158e+04   1.2066556e+01   3.3601158e+04   1.1883059e+01   3.3601158e+04   1.1809660e+01
   6.7454303e+04   1.1270000e+01   3.3798812e+04   1.2063683e+01   3.3798812e+04   1.1880187e+01   3.3798812e+04   1.1806788e+01
   6.6951882e+04   1.1280000e+01   3.3996466e+04   1.2060811e+01   3.3996466e+04   1.1877314e+01   3.3996466e+04   1.1803916e+01
   6.6449011e+04   1.1290000e+01   3.4194120e+04   1.2057938e+01   3.4194120e+04   1.1874442e+01   3.4194120e+04   1.1801043e+01
   6.5945691e+04   1.1300000e+01   3.4391774e+04   1.2055066e+01   3.4391774e+04   1.1871569e+01   3.4391774e+04   1.1798171e+01
   6.5442033e+04   1.1305000e+01   3.4589428e+04   1.2052193e+01   3.4589428e+04   1.1868697e+01   3.4589428e+04   1.1795298e+01
   6.4938150e+04   1.1310000e+01   3.4787082e+04   1.2049321e+01   3.4787082e+04   1.1865824e+01   3.4787082e+04   1.1792426e+01
   6.4433929e+04   1.1320000e+01   3.4984735e+04   1.2046448e+01   3.4984735e+04   1.1862952e+01   3.4984735e+04   1.1789553e+01
   6.3929371e+04   1.1325000e+01   3.5182389e+04   1.2043576e+01   3.5182389e+04   1.1860079e+01   3.5182389e+04   1.1786681e+01
   6.3424475e+04   1.1335000e+01   3.5380043e+04   1.2040703e+01   3.5380043e+04   1.1857207e+01   3.5380043e+04   1.1783808e+01
   6.2919130e+04   1.1345000e+01   3.5577697e+04   1.2037831e+01   3.5577697e+04   1.1854334e+01   3.5577697e+04   1.1780936e+01
   6.2413447e+04   1.1350000e+01   3.5775351e+04   1.2034958e+01   3.5775351e+04   1.1851462e+01   3.5775351e+04   1.1778063e+01
   6.1907426e+04   1.1360000e+01   3.5973005e+04   1.2032086e+01   3.5973005e+04   1.1848589e+01   3.5973005e+04   1.1775191e+01
   6.1401068e+04   1.1365000e+01   3.6170659e+04   1.2029214e+01   3.6170659e+04   1.1845717e+01   3.6170659e+04   1.1772318e+01
   6.0894372e+04   1.1375000e+01   3.6368313e+04   1.2026341e+01   3.6368313e+04   1.1842844e+01   3.6368313e+04   1.1769446e+01
   6.0387339e+04   1.1380000e+01   3.6565966e+04   1.2023469e+01   3.6565966e+04   1.1839972e+01   3.6565966e+04   1.1766573e+01
   5.9879969e+04   1.1390000e+01   3.6763620e+04   1.2020596e+01   3.6763620e+04   1.1837100e+01   3.6763620e+04   1.1763701e+01
   5.9372148e+04   1.1400000e+01   3.6961274e+04   1.2017724e+01   3.6961274e+04   1.1834227e+01   3.6961274e+04   1.1760828e+01
   5.8863877e+04   1.1410000e+01   3.7158928e+04   1.2014851e+01   3.7158928e+04   1.1831355e+01   3.7158928e+04   1.1757956e+01
   5.8355269e+04   1.1415000e+01   3.7356582e+04   1.2011979e+01   3.7356582e+04   1.1828482e+01   3.7356582e+04   1.1755083e+01
   5.7846324e+04   1.1425000e+01   3.7554236e+04   1.2009106e+01   3.7554236e+04   1.1825610e+01   3.7554236e+04   1.1752211e+01
   5.7337041e+04   1.1430000e+01   3.7751890e+04   1.2006234e+01   3.7751890e+04   1.1822737e+01   3.7751890e+04   1.1749339e+01
   5.6827420e+04   1.1440000e+01   3.7949544e+04   1.2003361e+01   3.7949544e+04   1.1819865e+01   3.7949544e+04   1.1746466e+01
   5.6317350e+04   1.1450000e+01   3.8147197e+04   1.2000489e+01   3.8147197e+04   1.1816992e+01   3.8147197e+04   1.1743594e+01
   5.5806941e+04   1.1455000e+01   3.8344851e+04   1.1997616e+01   3.8344851e+04   1.1814120e+01   3.8344851e+04   1.1740721e+01
   5.5296196e+04   1.1465000e+01   3.8542505e+04   1.1994744e+01   3.8542505e+04   1.1811247e+01   3.8542505e+04   1.1737849e+01
   5.4785113e+04   1.1470000e+01   3.8740159e+04   1.1991871e+01   3.8740159e+04   1.1808375e+01   3.8740159e+04   1.1734976e+01
   5.4273692e+04   1.1480000e+01   3.8937813e+04   1.1988999e+01   3.8937813e+04   1.1805502e+01   3.8937813e+04   1.1732104e+01
   5.3761822e+04   1.1490000e+01   3.9135467e+04   1.1986126e+01   3.9135467e+04   1.1802630e+01   3.9135467e+04   1.1729231e+01
   5.3249613e+04   1.1495000e+01   3.9333121e+04   1.1983254e+01   3.9333121e+04   1.1799757e+01   3.9333121e+04   1.1726359e+01
   5.2737068e+04   1.1505000e+01   3.9530775e+04   1.1980382e+01   3.9530775e+04   1.1796885e+01   3.9530775e+04   1.1723486e+01
   5.2224072e+04   1.1515000e+01   3.9728428e+04   1.1977509e+01   3.9728428e+04   1.1794012e+01   3.9728428e+04   1.1720614e+01
   5.1710739e+04   1.1520000e+01   3.9926082e+04   1.1974637e+01   3.9926082e+04   1.1791140e+01   3.9926082e+04   1.1717741e+01
   5.1197069e+04   1.1530000e+01   4.0123736e+04   1.1971764e+01   4.0123736e+04   1.1788268e+01   4.0123736e+04   1.1714869e+01
   5.0683060e+04   1.1535000e+01   4.0321390e+04   1.1968892e+01   4.0321390e+04   1.1785395e+01   4.0321390e+04   1.1711996e+01
   5.0168715e+04   1.1545000e+01   4.0519044e+04   1.1966019e+01   4.0519044e+04   1.1782523e+01   4.0519044e+04   1.1709124e+01
   4.9653919e+04   1.1555000e+01   4.0716698e+04   1.1963147e+01   4.0716698e+04   1.1779650e+01   4.0716698e+04   1.1706251e+01
   4.9138674e+04   1.1565000e+01   4.0914352e+04   1.1960274e+01   4.0914352e+04   1.1776778e+01   4.0914352e+04   1.1703379e+01
   4.8623091e+04   1.1570000e+01   4.1112006e+04   1.1957402e+01   4.1112006e+04   1.1773905e+01   4.1112006e+04   1.1700507e+01
   4.8107283e+04   1.1575000e+01   4.1309659e+04   1.1954529e+01   4.1309659e+04   1.1771033e+01   4.1309659e+04   1.1697634e+01
   4.7591137e+04   1.1585000e+01   4.1507313e+04   1.1951657e+01   4.1507313e+04   1.1768160e+01   4.1507313e+04   1.1694762e+01
   4.7074541e+04   1.1595000e+01   4.1704967e+04   1.1948784e+01   4.1704967e+04   1.1765288e+01   4.1704967e+04   1.1691889e+01
   4.6557608e+04   1.1600000e+01   4.1902621e+04   1.1945912e+01   4.1902621e+04   1.1762415e+01   4.1902621e+04   1.1689017e+01
   4.6040338e+04   1.1610000e+01   4.2100275e+04   1.1943039e+01   4.2100275e+04   1.1759543e+01   4.2100275e+04   1.1686144e+01
   4.5522730e+04   1.1615000e+01   4.2297929e+04   1.1940167e+01   4.2297929e+04   1.1756670e+01   4.2297929e+04   1.1683272e+01
   4.5004896e+04   1.1620000e+01   4.2495583e+04   1.1937294e+01   4.2495583e+04   1.1753798e+01   4.2495583e+04   1.1680399e+01
   4.4486726e+04   1.1630000e+01   4.2693236e+04   1.1934422e+01   4.2693236e+04   1.1750925e+01   4.2693236e+04   1.1677527e+01
   4.3968105e+04   1.1640000e+01   4.2890890e+04   1.1931549e+01   4.2890890e+04   1.1748053e+01   4.2890890e+04   1.1674654e+01
   4.3449147e+04   1.1645000e+01   4.3088544e+04   1.1928677e+01   4.3088544e+04   1.1745180e+01   4.3088544e+04   1.1671782e+01
   4.2929852e+04   1.1655000e+01   4.3286198e+04   1.1925805e+01   4.3286198e+04   1.1742308e+01   4.3286198e+04   1.1668909e+01
   4.2410219e+04   1.1660000e+01   4.3483852e+04   1.1922932e+01   4.3483852e+04   1.1739435e+01   4.3483852e+04   1.1666037e+01
   4.1890248e+04   1.1670000e+01   4.3681506e+04   1.1920060e+01   4.3681506e+04   1.1736563e+01   4.3681506e+04   1.1663164e+01
   4.1369940e+04   1.1675000e+01   4.3879160e+04   1.1917187e+01   4.3879160e+04   1.1733691e+01   4.3879160e+04   1.1660292e+01
   4.0849294e+04   1.1685000e+01   4.4076814e+04   1.1914315e+01   4.4076814e+04   1.1730818e+01   4.4076814e+04   1.1657419e+01
   4.0328311e+04   1.1690000e+01   4.4274467e+04   1.1911442e+01   4.4274467e+04   1.1727946e+01   4.4274467e+04   1.1654547e+01
   3.9806991e+04   1.1700000e+01   4.4472121e+04   1.1908570e+01   4.4472121e+04   1.1725073e+01   4.4472121e+04   1.1651674e+01
   3.9285332e+04   1.1705000e+01   4.4669775e+04   1.1905697e+01   4.4669775e+04   1.1722201e+01   4.4669775e+04   1.1648802e+01
   3.8763337e+04   1.1715000e+01   4.4867429e+04   1.1902825e+01   4.4867429e+04   1.1719328e+01   4.4867429e+04   1.1645930e+01
   3.8241004e+04   1.1720000e+01   4.5065083e+04   1.1899952e+01   4.5065083e+04   1.1716456e+01   4.5065083e+04   1.1643057e+01
   3.7718333e+04   1.1730000e+01   4.5262737e+04   1.1897080e+01   4.5262737e+04   1.1713583e+01   4.5262737e+04   1.1640185e+01
   3.7195325e+04   1.1735000e+01   4.5460391e+04   1.1894207e+01   4.5460391e+04   1.1710711e+01   4.5460391e+04   1.1637312e+01
   3.6672092e+04   1.1740000e+01   4.5658045e+04   1.1891335e+01   4.5658045e+04   1.1707838e+01   4.5658045e+04   1.1634440e+01
   3.6148521e+04   1.1750000e+01   4.5855698e+04   1.1888462e+01   4.5855698e+04   1.1704966e+01   4.5855698e+04   1.1631567e+01
   3.5624613e+04   1.1755000e+01   4.6053352e+04   1.1885590e+01   4.6053352e+04   1.1702093e+01   4.6053352e+04   1.1628695e+01
   3.5100368e+04   1.1765000e+01   4.6251006e+04   1.1882717e+01   4.6251006e+04   1.1699221e+01   4.6251006e+04   1.1625822e+01
   3.4575785e+04   1.1770000e+01   4.6448660e+04   1.1879845e+01   4.6448660e+04   1.1696348e+01   4.6448660e+04   1.1622950e+01
   3.4050977e+04   1.1775000e+01   4.6646314e+04   1.1876972e+01   4.6646314e+04   1.1693476e+01   4.6646314e+04   1.1620077e+01
   3.3525943e+04   1.1780000e+01   4.6843968e+04   1.1874100e+01   4.6843968e+04   1.1690603e+01   4.6843968e+04   1.1617205e+01
   3.3000573e+04   1.1790000e+01   4.7041622e+04   1.1871228e+01   4.7041622e+04   1.1687731e+01   4.7041622e+04   1.1614332e+01
   3.2474865e+04   1.1795000e+01   4.7239276e+04   1.1868355e+01   4.7239276e+04   1.1684858e+01   4.7239276e+04   1.1611460e+01
   3.1948932e+04   1.1800000e+01   4.7436929e+04   1.1865483e+01   4.7436929e+04   1.1681986e+01   4.7436929e+04   1.1608587e+01
   3.1422661e+04   1.1810000e+01   4.7634583e+04   1.1862610e+01   4.7634583e+04   1.1679114e+01   4.7634583e+04   1.1605715e+01
   3.0896053e+04   1.1815000e+01   4.7832237e+04   1.1859738e+01   4.7832237e+04   1.1676241e+01   4.7832237e+04   1.1602842e+01
   3.0369107e+04   1.1825000e+01   4.8029891e+04   1.1856865e+01   4.8029891e+04   1.1673369e+01   4.8029891e+04   1.1599970e+01
   2.9841824e+04   1.1830000e+01   4.8227545e+04   1.1853993e+01   4.8227545e+04   1.1670496e+01   4.8227545e+04   1.1597097e+01
   2.9314204e+04   1.1840000e+01   4.8425199e+04   1.1851120e+01   4.8425199e+04   1.1667624e+01   4.8425199e+04   1.1594225e+01
   2.8786246e+04   1.1845000e+01   4.8622853e+04   1.1848248e+01   4.8622853e+04   1.1664751e+01   4.8622853e+04   1.1591353e+01
   2.8258063e+04   1.1850000e+01   4.8820507e+04   1.1845375e+01   4.8820507e+04   1.1661879e+01   4.8820507e+04   1.1588480e+01
   2.7729542e+04   1.1860000e+01   4.9018160e+04   1.1842503e+01   4.9018160e+04   1.1659006e+01   4.9018160e+04   1.1585608e+01
   2.7200684e+04   1.1865000e+01   4.9215814e+04   1.1839630e+01   4.9215814e+04   1.1656134e+01   4.9215814e+04   1.1582735e+01
   2.6671488e+04   1.1875000e+01   4.9413468e+04   1.1836758e+01   4.9413468e+04   1.1653261e+01   4.9413468e+04   1.1579863e+01
   2.6141843e+04   1.1885000e+01   4.9611122e+04   1.1833885e+01   4.9611122e+04   1.1650389e+01   4.9611122e+04   1.1576990e+01
   2.5611860e+04   1.1890000e+01   4.9808776e+04   1.1831013e+01   4.9808776e+04   1.1647516e+01   4.9808776e+04   1.1574118e+01
   2.5081651e+04   1.1895000e+01   5.0006430e+04   1.1828140e+01   5.0006430e+04   1.1644644e+01   5.0006430e+04   1.1571245e+01
   2.4551106e+04   1.1905000e+01   5.0204084e+04   1.1825268e+01   5.0204084e+04   1.1641771e+01   5.0204084e+04   1.1568373e+01
   2.4020223e+04   1.1910000e+01   5.0401738e+04   1.1822395e+01   5.0401738e+04   1.1638899e+01   5.0401738e+04   1.1565500e+01
   2.3489002e+04   1.1920000e+01   5.0599391e+04   1.1819523e+01   5.0599391e+04   1.1636026e+01   5.0599391e+04   1.1562628e+01
   2.2957332e+04   1.1930000e+01   5.0797045e+04   1.1816651e+01   5.0797045e+04   1.1633154e+01   5.0797045e+04   1.1559755e+01
   2.2425324e+04   1.1935000e+01   5.0994699e+04   1.1813778e+01   5.0994699e+04   1.1630281e+01   5.0994699e+04   1.1556883e+01
   2.1892978e+04   1.1945000e+01   5.1192353e+04   1.1810906e+01   5.1192353e+04   1.1627409e+01   5.1192353e+04   1.1554010e+01
   2.1360295e+04   1.1950000e+01   5.1390007e+04   1.1808033e+01   5.1390007e+04   1.1624537e+01   5.1390007e+04   1.1551138e+01
   2.0827274e+04   1.1960000e+01   5.1587661e+04   1.1805161e+01   5.1587661e+04   1.1621664e+01   5.1587661e+04   1.1548265e+01
   2.0293804e+04   1.1970000e+01   5.1785315e+04   1.1802288e+01   5.1785315e+04   1.1618792e+01   5.1785315e+04   1.1545393e+01
   1.9759996e+04   1.1975000e+01   5.1982968e+04   1.1799416e+01   5.1982968e+04   1.1615919e+01   5.1982968e+04   1.1542520e+01
   1.9225850e+04   1.1985000e+01   5.2180622e+04   1.1796543e+01   5.2180622e+04   1.1613047e+01   5.2180622e+04   1.1539648e+01
   1.8691254e+04   1.1995000e+01   5.2378276e+04   1.1793671e+01   5.2378276e+04   1.1610174e+01   5.2378276e+04   1.1536776e+01
   1.8156209e+04   1.2005000e+01   5.2575930e+04   1.1790798e+01   5.2575930e+04   1.1607302e+01   5.2575930e+04   1.1533903e+01
   1.7620713e+04   1.2015000e+01   5.2773584e+04   1.1787926e+01   5.2773584e+04   1.1604429e+01   5.2773584e+04   1.1531031e+01
   1.7084880e+04   1.2020000e+01   5.2971238e+04   1.1785053e+01   5.2971238e+04   1.1601557e+01   5.2971238e+04   1.1528158e+01
   1.6548709e+04   1.2030000e+01   5.3168892e+04   1.1782181e+01   5.3168892e+04   1.1598684e+01   5.3168892e+04   1.1525286e+01
   1.6012089e+04   1.2040000e+01   5.3366546e+04   1.1779308e+01   5.3366546e+04   1.1595812e+01   5.3366546e+04   1.1522413e+01
   1.5475131e+04   1.2045000e+01   5.3564199e+04   1.1776436e+01   5.3564199e+04   1.1592939e+01   5.3564199e+04   1.1519541e+01
   1.4937835e+04   1.2055000e+01   5.3761853e+04   1.1773563e+01   5.3761853e+04   1.1590067e+01   5.3761853e+04   1.1516668e+01
   1.4400090e+04   1.2065000e+01   5.3959507e+04   1.1770691e+01   5.3959507e+04   1.1587194e+01   5.3959507e+04   1.1513796e+01
   1.3861894e+04   1.2075000e+01   5.4157161e+04   1.1767818e+01   5.4157161e+04   1.1584322e+01   5.4157161e+04   1.1510923e+01
   1.3323248e+04   1.2085000e+01   5.4354815e+04   1.1764946e+01   5.4354815e+04   1.1581449e+01   5.4354815e+04   1.1508051e+01
   1.2784153e+04   1.2095000e+01   5.4552469e+04   1.1762074e+01   5.4552469e+04   1.1578577e+01   5.4552469e+04   1.1505178e+01
   1.2244607e+04   1.2105000e+01   5.4750123e+04   1.1759201e+01   5.4750123e+04   1.1575704e+01   5.4750123e+04   1.1502306e+01
   1.1704499e+04   1.2120000e+01   5.4947777e+04   1.1756329e+01   5.4947777e+04   1.1572832e+01   5.4947777e+04   1.1499433e+01
   1.1163604e+04   1.2140000e+01   5.5145430e+04   1.1753456e+01   5.5145430e+04   1.1569960e+01   5.5145430e+04   1.1496561e+01
   1.0622145e+04   1.2145000e+01   5.5343084e+04   1.1750584e+01   5.5343084e+04   1.1567087e+01   5.5343084e+04   1.1493688e+01
   1.0080350e+04   1.2155000e+01   5.5540738e+04   1.1747711e+01   5.5540738e+04   1.1564215e+01   5.5540738e+04   1.1490816e+01
   9.5381043e+03   1.2165000e+01   5.5738392e+04   1.1744839e+01   5.5738392e+04   1.1561342e+01   5.5738392e+04   1.1487943e+01
   8.9954087e+03   1.2175000e+01   5.5936046e+04   1.1741966e+01   5.5936046e+04   1.1558470e+01   5.5936046e+04   1.1485071e+01
   8.4522631e+03   1.2185000e+01   5.6133700e+04   1.1739094e+01   5.6133700e+04   1.1555597e+01   5.6133700e+04   1.1482199e+01
   7.9085550e+03   1.2200000e+01   5.6331354e+04   1.1736221e+01   5.6331354e+04   1.1552725e+01   5.6331354e+04   1.1479326e+01
   1.4922867e+05   1.0320000e+01   5.6529008e+04   1.1733349e+01   5.6529008e+04   1.1549852e+01   5.6529008e+04   1.1476454e+01
   1.4903861e+05   1.0320000e+01   5.6726661e+04   1.1730476e+01   5.6726661e+04   1.1546980e+01   5.6726661e+04   1.1473581e+01
   1.4884851e+05   1.0325000e+01   5.6924315e+04   1.1727604e+01   5.6924315e+04   1.1544107e+01   5.6924315e+04   1.1470709e+01
   1.4865835e+05   1.0325000e+01   5.7121969e+04   1.1724731e+01   5.7121969e+04   1.1541235e+01   5.7121969e+04   1.1467836e+01
   1.4846815e+05   1.0330000e+01   5.7319623e+04   1.1721859e+01   5.7319623e+04   1.1538362e+01   5.7319623e+04   1.1464964e+01
   1.4827791e+05   1.0330000e+01   5.7517277e+04   1.1718986e+01   5.7517277e+04   1.1535490e+01   5.7517277e+04   1.1462091e+01
   1.4808761e+05   1.0335000e+01   5.7714931e+04   1.1716114e+01   5.7714931e+04   1.1532617e+01   5.7714931e+04   1.1459219e+01
   1.4789727e+05   1.0335000e+01   5.7912585e+04   1.1713242e+01   5.7912585e+04   1.1529745e+01   5.7912585e+04   1.1456346e+01
   1.4770689e+05   1.0340000e+01   5.8110239e+04   1.1710369e+01   5.8110239e+04   1.1526872e+01   5.8110239e+04   1.1453474e+01
   1.4751640e+05   1.0345000e+01   5.8307892e+04   1.1707497e+01   5.8307892e+04   1.1524000e+01   5.8307892e+04   1.1450601e+01
   1.4732583e+05   1.0350000e+01   5.8505546e+04   1.1704624e+01   5.8505546e+04   1.1521128e+01   5.8505546e+04   1.1447729e+01
   1.4713521e+05   1.0350000e+01   5.8703200e+04   1.1701752e+01   5.8703200e+04   1.1518255e+01   5.8703200e+04   1.1444856e+01
   1.4637234e+05   1.0360000e+01   5.8900854e+04   1.1698879e+01   5.8900854e+04   1.1515383e+01   5.8900854e+04   1.1441984e+01
   1.4560854e+05   1.0375000e+01   5.9098508e+04   1.1696007e+01   5.9098508e+04   1.1512510e+01   5.9098508e+04   1.1439111e+01
   1.4484381e+05   1.0385000e+01   5.9296162e+04   1.1693134e+01   5.9296162e+04   1.1509638e+01   5.9296162e+04   1.1436239e+01
   1.4407813e+05   1.0400000e+01   5.9493816e+04   1.1690262e+01   5.9493816e+04   1.1506765e+01   5.9493816e+04   1.1433367e+01
   1.4331133e+05   1.0415000e+01   5.9691470e+04   1.1687389e+01   5.9691470e+04   1.1503893e+01   5.9691470e+04   1.1430494e+01
   1.4254341e+05   1.0430000e+01   5.9889123e+04   1.1684517e+01   5.9889123e+04   1.1501020e+01   5.9889123e+04   1.1427622e+01
   1.4177436e+05   1.0445000e+01   6.0086777e+04   1.1681644e+01   6.0086777e+04   1.1498148e+01   6.0086777e+04   1.1424749e+01
   1.4100399e+05   1.0465000e+01   6.0284431e+04   1.1678772e+01   6.0284431e+04   1.1495275e+01   6.0284431e+04   1.1421877e+01
   1.4023232e+05   1.0480000e+01   6.0482085e+04   1.1675899e+01   6.0482085e+04   1.1492403e+01   6.0482085e+04   1.1419004e+01
   1.3945952e+05   1.0495000e+01   6.0679739e+04   1.1673027e+01   6.0679739e+04   1.1489530e+01   6.0679739e+04   1.1416132e+01
   1.3868540e+05   1.0515000e+01   6.0877393e+04   1.1670154e+01   6.0877393e+04   1.1486658e+01   6.0877393e+04   1.1413259e+01
   1.3790998e+05   1.0530000e+01   6.1075047e+04   1.1667282e+01   6.1075047e+04   1.1483785e+01   6.1075047e+04   1.1410387e+01
   1.3713324e+05   1.0550000e+01   6.1272701e+04   1.1664409e+01   6.1272701e+04   1.1480913e+01   6.1272701e+04   1.1407514e+01
   1.3635519e+05   1.0565000e+01   6.1470354e+04   1.1661537e+01   6.1470354e+04   1.1478040e+01   6.1470354e+04   1.1404642e+01
   1.3557583e+05   1.0585000e+01   6.1668008e+04   1.1658665e+01   6.1668008e+04   1.1475168e+01   6.1668008e+04   1.1401769e+01
   1.3479515e+05   1.0600000e+01   6.1865662e+04   1.1655792e+01   6.1865662e+04   1.1472295e+01   6.1865662e+04   1.1398897e+01
   1.3401335e+05   1.0615000e+01   6.2063316e+04   1.1652920e+01   6.2063316e+04   1.1469423e+01   6.2063316e+04   1.1396024e+01
   1.3323024e+05   1.0635000e+01   6.2260970e+04   1.1650047e+01   6.2260970e+04   1.1466551e+01   6.2260970e+04   1.1393152e+01
   1.3244582e+05   1.0650000e+01   6.2458624e+04   1.1647175e+01   6.2458624e+04   1.1463678e+01   6.2458624e+04   1.1390279e+01
   1.3166026e+05   1.0665000e+01   6.2656278e+04   1.1644302e+01   6.2656278e+04   1.1460806e+01   6.2656278e+04   1.1387407e+01
   1.3087359e+05   1.0680000e+01   6.2853931e+04   1.1641430e+01   6.2853931e+04   1.1457933e+01   6.2853931e+04   1.1384534e+01
   1.3008560e+05   1.0700000e+01   6.3051585e+04   1.1638557e+01   6.3051585e+04   1.1455061e+01   6.3051585e+04   1.1381662e+01
   1.2929649e+05   1.0710000e+01   6.3249239e+04   1.1635685e+01   6.3249239e+04   1.1452188e+01   6.3249239e+04   1.1378790e+01
   1.2850644e+05   1.0725000e+01   6.3446893e+04   1.1632812e+01   6.3446893e+04   1.1449316e+01   6.3446893e+04   1.1375917e+01
   1.2771526e+05   1.0740000e+01   6.3644547e+04   1.1629940e+01   6.3644547e+04   1.1446443e+01   6.3644547e+04   1.1373045e+01
   1.2692315e+05   1.0750000e+01   6.3842201e+04   1.1627067e+01   6.3842201e+04   1.1443571e+01   6.3842201e+04   1.1370172e+01
   1.2613029e+05   1.0760000e+01   6.4039855e+04   1.1624195e+01   6.4039855e+04   1.1440698e+01   6.4039855e+04   1.1367300e+01
   1.2533668e+05   1.0770000e+01   6.4237509e+04   1.1621322e+01   6.4237509e+04   1.1437826e+01   6.4237509e+04   1.1364427e+01
   1.2454231e+05   1.0780000e+01   6.4435162e+04   1.1618450e+01   6.4435162e+04   1.1434953e+01   6.4435162e+04   1.1361555e+01
   1.2374720e+05   1.0790000e+01   6.4632816e+04   1.1615577e+01   6.4632816e+04   1.1432081e+01   6.4632816e+04   1.1358682e+01
   1.2295152e+05   1.0795000e+01   6.4830470e+04   1.1612705e+01   6.4830470e+04   1.1429208e+01   6.4830470e+04   1.1355810e+01
   1.2215529e+05   1.0805000e+01   6.5028124e+04   1.1609832e+01   6.5028124e+04   1.1426336e+01   6.5028124e+04   1.1352937e+01
   1.2135849e+05   1.0810000e+01   6.5225778e+04   1.1606960e+01   6.5225778e+04   1.1423463e+01   6.5225778e+04   1.1350065e+01
   1.2056112e+05   1.0820000e+01   6.5423432e+04   1.1604088e+01   6.5423432e+04   1.1420591e+01   6.5423432e+04   1.1347192e+01
   1.1976320e+05   1.0825000e+01   6.5621086e+04   1.1601215e+01   6.5621086e+04   1.1417718e+01   6.5621086e+04   1.1344320e+01
   1.1896471e+05   1.0835000e+01   6.5818740e+04   1.1598343e+01   6.5818740e+04   1.1414846e+01   6.5818740e+04   1.1341447e+01
   1.1816547e+05   1.0845000e+01   6.6016393e+04   1.1595470e+01   6.6016393e+04   1.1411974e+01   6.6016393e+04   1.1338575e+01
   1.1736567e+05   1.0850000e+01   6.6214047e+04   1.1592598e+01   6.6214047e+04   1.1409101e+01   6.6214047e+04   1.1335702e+01
   1.1656550e+05   1.0855000e+01   6.6411701e+04   1.1589725e+01   6.6411701e+04   1.1406229e+01   6.6411701e+04   1.1332830e+01
   1.1576476e+05   1.0865000e+01   6.6609355e+04   1.1586853e+01   6.6609355e+04   1.1403356e+01   6.6609355e+04   1.1329957e+01
   1.1496327e+05   1.0875000e+01   6.6807009e+04   1.1583980e+01   6.6807009e+04   1.1400484e+01   6.6807009e+04   1.1327085e+01
   1.1416122e+05   1.0880000e+01   6.7004663e+04   1.1581108e+01   6.7004663e+04   1.1397611e+01   6.7004663e+04   1.1324213e+01
   1.1335880e+05   1.0885000e+01   6.7202317e+04   1.1578235e+01   6.7202317e+04   1.1394739e+01   6.7202317e+04   1.1321340e+01
   1.1255581e+05   1.0895000e+01   6.7399971e+04   1.1575363e+01   6.7399971e+04   1.1391866e+01   6.7399971e+04   1.1318468e+01
   1.1175226e+05   1.0900000e+01   6.7597624e+04   1.1572490e+01   6.7597624e+04   1.1388994e+01   6.7597624e+04   1.1315595e+01
   1.1094815e+05   1.0910000e+01   6.7795278e+04   1.1569618e+01   6.7795278e+04   1.1386121e+01   6.7795278e+04   1.1312723e+01
   1.1014347e+05   1.0915000e+01   6.7992932e+04   1.1566745e+01   6.7992932e+04   1.1383249e+01   6.7992932e+04   1.1309850e+01
   1.0933842e+05   1.0920000e+01   6.8190586e+04   1.1563873e+01   6.8190586e+04   1.1380376e+01   6.8190586e+04   1.1306978e+01
   1.0853281e+05   1.0930000e+01   6.8388240e+04   1.1561000e+01   6.8388240e+04   1.1377504e+01   6.8388240e+04   1.1304105e+01
   1.0772663e+05   1.0935000e+01   6.8585894e+04   1.1558128e+01   6.8585894e+04   1.1374631e+01   6.8585894e+04   1.1301233e+01
   1.0691989e+05   1.0945000e+01   6.8783548e+04   1.1555255e+01   6.8783548e+04   1.1371759e+01   6.8783548e+04   1.1298360e+01
   1.0611259e+05   1.0950000e+01   6.8981202e+04   1.1552383e+01   6.8981202e+04   1.1368886e+01   6.8981202e+04   1.1295488e+01
   1.0530473e+05   1.0960000e+01   6.9178855e+04   1.1549511e+01   6.9178855e+04   1.1366014e+01   6.9178855e+04   1.1292615e+01
   1.0449631e+05   1.0965000e+01   6.9376509e+04   1.1546638e+01   6.9376509e+04   1.1363141e+01   6.9376509e+04   1.1289743e+01
   1.0368751e+05   1.0970000e+01   6.9574163e+04   1.1543766e+01   6.9574163e+04   1.1360269e+01   6.9574163e+04   1.1286870e+01
   1.0287814e+05   1.0980000e+01   6.9771817e+04   1.1540893e+01   6.9771817e+04   1.1357397e+01   6.9771817e+04   1.1283998e+01
   1.0206822e+05   1.0985000e+01   6.9969471e+04   1.1538021e+01   6.9969471e+04   1.1354524e+01   6.9969471e+04   1.1281125e+01
   1.0125773e+05   1.0995000e+01   7.0167125e+04   1.1535148e+01   7.0167125e+04   1.1351652e+01   7.0167125e+04   1.1278253e+01
   1.0044649e+05   1.1005000e+01   7.0364779e+04   1.1532276e+01   7.0364779e+04   1.1348779e+01   7.0364779e+04   1.1275380e+01
   9.9634692e+04   1.1010000e+01   7.0562433e+04   1.1529403e+01   7.0562433e+04   1.1345907e+01   7.0562433e+04   1.1272508e+01
   9.8822517e+04   1.1015000e+01   7.0760086e+04   1.1526531e+01   7.0760086e+04   1.1343034e+01   7.0760086e+04   1.1269636e+01
   9.8009967e+04   1.1020000e+01   7.0957740e+04   1.1523658e+01   7.0957740e+04   1.1340162e+01   7.0957740e+04   1.1266763e+01
   9.7196854e+04   1.1030000e+01   7.1155394e+04   1.1520786e+01   7.1155394e+04   1.1337289e+01   7.1155394e+04   1.1263891e+01
   9.6382991e+04   1.1040000e+01   7.1353048e+04   1.1517913e+01   7.1353048e+04   1.1334417e+01   7.1353048e+04   1.1261018e+01
   9.5568378e+04   1.1050000e+01   7.1550702e+04   1.1515041e+01   7.1550702e+04   1.1331544e+01   7.1550702e+04   1.1258146e+01
   9.4753203e+04   1.1055000e+01   7.1748356e+04   1.1512168e+01   7.1748356e+04   1.1328672e+01   7.1748356e+04   1.1255273e+01
   9.3937653e+04   1.1060000e+01   7.1946010e+04   1.1509296e+01   7.1946010e+04   1.1325799e+01   7.1946010e+04   1.1252401e+01
   9.3121540e+04   1.1070000e+01   7.2143663e+04   1.1506423e+01   7.2143663e+04   1.1322927e+01   7.2143663e+04   1.1249528e+01
   9.2304677e+04   1.1080000e+01   7.2341317e+04   1.1503551e+01   7.2341317e+04   1.1320054e+01   7.2341317e+04   1.1246656e+01
   9.1487252e+04   1.1085000e+01   7.2538971e+04   1.1500678e+01   7.2538971e+04   1.1317182e+01   7.2538971e+04   1.1243783e+01
   9.0669264e+04   1.1095000e+01   7.2736625e+04   1.1497806e+01   7.2736625e+04   1.1314309e+01   7.2736625e+04   1.1240911e+01
   8.9850714e+04   1.1100000e+01   7.2934279e+04   1.1494934e+01   7.2934279e+04   1.1311437e+01   7.2934279e+04   1.1238038e+01
   8.9031601e+04   1.1110000e+01   7.3131933e+04   1.1492061e+01   7.3131933e+04   1.1308564e+01   7.3131933e+04   1.1235166e+01
   8.8211739e+04   1.1120000e+01   7.3329587e+04   1.1489189e+01   7.3329587e+04   1.1305692e+01   7.3329587e+04   1.1232293e+01
   8.7391126e+04   1.1130000e+01   7.3527241e+04   1.1486316e+01   7.3527241e+04   1.1302820e+01   7.3527241e+04   1.1229421e+01
   8.6569763e+04   1.1140000e+01   7.3724894e+04   1.1483444e+01   7.3724894e+04   1.1299947e+01   7.3724894e+04   1.1226548e+01
   8.5747838e+04   1.1145000e+01   7.3922548e+04   1.1480571e+01   7.3922548e+04   1.1297075e+01   7.3922548e+04   1.1223676e+01
   8.4925350e+04   1.1155000e+01   7.4120202e+04   1.1477699e+01   7.4120202e+04   1.1294202e+01   7.4120202e+04   1.1220803e+01
   8.4102112e+04   1.1165000e+01   7.4317856e+04   1.1474826e+01   7.4317856e+04   1.1291330e+01   7.4317856e+04   1.1217931e+01
   8.3278124e+04   1.1175000e+01   7.4515510e+04   1.1471954e+01   7.4515510e+04   1.1288457e+01   7.4515510e+04   1.1215059e+01
   8.2453387e+04   1.1185000e+01   7.4713164e+04   1.1469081e+01   7.4713164e+04   1.1285585e+01   7.4713164e+04   1.1212186e+01
   8.1627899e+04   1.1195000e+01   7.4910818e+04   1.1466209e+01   7.4910818e+04   1.1282712e+01   7.4910818e+04   1.1209314e+01
   8.0801661e+04   1.1205000e+01   7.5108472e+04   1.1463336e+01   7.5108472e+04   1.1279840e+01   7.5108472e+04   1.1206441e+01
   7.9974673e+04   1.1215000e+01   7.5306125e+04   1.1460464e+01   7.5306125e+04   1.1276967e+01   7.5306125e+04   1.1203569e+01
   7.9146936e+04   1.1225000e+01   7.5503779e+04   1.1457591e+01   7.5503779e+04   1.1274095e+01   7.5503779e+04   1.1200696e+01
   7.8318260e+04   1.1240000e+01   7.5701433e+04   1.1454719e+01   7.5701433e+04   1.1271222e+01   7.5701433e+04   1.1197824e+01
   7.7488648e+04   1.1250000e+01   7.5899087e+04   1.1451846e+01   7.5899087e+04   1.1268350e+01   7.5899087e+04   1.1194951e+01
   7.6658097e+04   1.1265000e+01   7.6096741e+04   1.1448974e+01   7.6096741e+04   1.1265477e+01   7.6096741e+04   1.1192079e+01
   7.5826235e+04   1.1285000e+01   7.6294395e+04   1.1446102e+01   7.6294395e+04   1.1262605e+01   7.6294395e+04   1.1189206e+01
   7.4993247e+04   1.1295000e+01   7.6492049e+04   1.1443229e+01   7.6492049e+04   1.1259732e+01   7.6492049e+04   1.1186334e+01
   7.4159322e+04   1.1310000e+01   7.6689703e+04   1.1440357e+01   7.6689703e+04   1.1256860e+01   7.6689703e+04   1.1183461e+01
   7.3324271e+04   1.1325000e+01   7.6887356e+04   1.1437484e+01   7.6887356e+04   1.1253988e+01   7.6887356e+04   1.1180589e+01
   7.2488096e+04   1.1340000e+01   7.7085010e+04   1.1434612e+01   7.7085010e+04   1.1251115e+01   7.7085010e+04   1.1177716e+01
   7.1650796e+04   1.1355000e+01   7.7282664e+04   1.1431739e+01   7.7282664e+04   1.1248243e+01   7.7282664e+04   1.1174844e+01
   7.0812371e+04   1.1370000e+01   7.7480318e+04   1.1428867e+01   7.7480318e+04   1.1245370e+01   7.7480318e+04   1.1171971e+01
   6.9973008e+04   1.1380000e+01   7.7677972e+04   1.1425994e+01   7.7677972e+04   1.1242498e+01   7.7677972e+04   1.1169099e+01
   6.9132708e+04   1.1395000e+01   7.7875626e+04   1.1423122e+01   7.7875626e+04   1.1239625e+01   7.7875626e+04   1.1166227e+01
   6.8291282e+04   1.1410000e+01   7.8073280e+04   1.1420249e+01   7.8073280e+04   1.1236753e+01   7.8073280e+04   1.1163354e+01
   6.7448920e+04   1.1420000e+01   7.8270934e+04   1.1417377e+01   7.8270934e+04   1.1233880e+01   7.8270934e+04   1.1160482e+01
   6.6605619e+04   1.1435000e+01   7.8468587e+04   1.1414504e+01   7.8468587e+04   1.1231008e+01   7.8468587e+04   1.1157609e+01
   6.5761194e+04   1.1450000e+01   7.8666241e+04   1.1411632e+01   7.8666241e+04   1.1228135e+01   7.8666241e+04   1.1154737e+01
   6.4915644e+04   1.1465000e+01   7.8863895e+04   1.1408759e+01   7.8863895e+04   1.1225263e+01   7.8863895e+04   1.1151864e+01
   6.4069156e+04   1.1475000e+01   7.9061549e+04   1.1405887e+01   7.9061549e+04   1.1222390e+01   7.9061549e+04   1.1148992e+01
   6.3221918e+04   1.1485000e+01   7.9259203e+04   1.1403014e+01   7.9259203e+04   1.1219518e+01   7.9259203e+04   1.1146119e+01
   6.2373743e+04   1.1500000e+01   7.9456857e+04   1.1400142e+01   7.9456857e+04   1.1216645e+01   7.9456857e+04   1.1143247e+01
   6.1524443e+04   1.1515000e+01   7.9654511e+04   1.1397269e+01   7.9654511e+04   1.1213773e+01   7.9654511e+04   1.1140374e+01
   6.0674018e+04   1.1530000e+01   7.9852165e+04   1.1394397e+01   7.9852165e+04   1.1210900e+01   7.9852165e+04   1.1137502e+01
   5.9822467e+04   1.1545000e+01   8.0049818e+04   1.1391525e+01   8.0049818e+04   1.1208028e+01   8.0049818e+04   1.1134629e+01
   5.8969792e+04   1.1560000e+01   8.0247472e+04   1.1388652e+01   8.0247472e+04   1.1205155e+01   8.0247472e+04   1.1131757e+01
   5.8116179e+04   1.1570000e+01   8.0445126e+04   1.1385780e+01   8.0445126e+04   1.1202283e+01   8.0445126e+04   1.1128884e+01
   5.7261629e+04   1.1585000e+01   8.0642780e+04   1.1382907e+01   8.0642780e+04   1.1199411e+01   8.0642780e+04   1.1126012e+01
   5.6405954e+04   1.1600000e+01   8.0840434e+04   1.1380035e+01   8.0840434e+04   1.1196538e+01   8.0840434e+04   1.1123139e+01
   5.5549341e+04   1.1610000e+01   8.1038088e+04   1.1377162e+01   8.1038088e+04   1.1193666e+01   8.1038088e+04   1.1120267e+01
   5.4691791e+04   1.1625000e+01   8.1235742e+04   1.1374290e+01   8.1235742e+04   1.1190793e+01   8.1235742e+04   1.1117394e+01
   5.3833116e+04   1.1640000e+01   8.1433396e+04   1.1371417e+01   8.1433396e+04   1.1187921e+01   8.1433396e+04   1.1114522e+01
   5.2973315e+04   1.1655000e+01   8.1631049e+04   1.1368545e+01   8.1631049e+04   1.1185048e+01   8.1631049e+04   1.1111650e+01
   5.2112577e+04   1.1665000e+01   8.1828703e+04   1.1365672e+01   8.1828703e+04   1.1182176e+01   8.1828703e+04   1.1108777e+01
   5.1250902e+04   1.1680000e+01   8.2026357e+04   1.1362800e+01   8.2026357e+04   1.1179303e+01   8.2026357e+04   1.1105905e+01
   5.0388289e+04   1.1690000e+01   8.2224011e+04   1.1359927e+01   8.2224011e+04   1.1176431e+01   8.2224011e+04   1.1103032e+01
   4.9524739e+04   1.1705000e+01   8.2421665e+04   1.1357055e+01   8.2421665e+04   1.1173558e+01   8.2421665e+04   1.1100160e+01
   4.8660251e+04   1.1715000e+01   8.2619319e+04   1.1354182e+01   8.2619319e+04   1.1170686e+01   8.2619319e+04   1.1097287e+01
   4.7794826e+04   1.1730000e+01   8.2816973e+04   1.1351310e+01   8.2816973e+04   1.1167813e+01   8.2816973e+04   1.1094415e+01
   4.6928276e+04   1.1745000e+01   8.3014626e+04   1.1348437e+01   8.3014626e+04   1.1164941e+01   8.3014626e+04   1.1091542e+01
   4.6060788e+04   1.1755000e+01   8.3212280e+04   1.1345565e+01   8.3212280e+04   1.1162068e+01   8.3212280e+04   1.1088670e+01
   4.5192363e+04   1.1770000e+01   8.3409934e+04   1.1342692e+01   8.3409934e+04   1.1159196e+01   8.3409934e+04   1.1085797e+01
   4.4323000e+04   1.1780000e+01   8.3607588e+04   1.1339820e+01   8.3607588e+04   1.1156323e+01   8.3607588e+04   1.1082925e+01
   4.3452700e+04   1.1795000e+01   8.3805242e+04   1.1336948e+01   8.3805242e+04   1.1153451e+01   8.3805242e+04   1.1080052e+01
   4.2581462e+04   1.1805000e+01   8.4002896e+04   1.1334075e+01   8.4002896e+04   1.1150578e+01   8.4002896e+04   1.1077180e+01
   4.1709287e+04   1.1820000e+01   8.4200550e+04   1.1331203e+01   8.4200550e+04   1.1147706e+01   8.4200550e+04   1.1074307e+01
   4.0836174e+04   1.1830000e+01   8.4398204e+04   1.1328330e+01   8.4398204e+04   1.1144834e+01   8.4398204e+04   1.1071435e+01
   3.9962311e+04   1.1840000e+01   8.4595857e+04   1.1325458e+01   8.4595857e+04   1.1141961e+01   8.4595857e+04   1.1068562e+01
   3.9087511e+04   1.1855000e+01   8.4793511e+04   1.1322585e+01   8.4793511e+04   1.1139089e+01   8.4793511e+04   1.1065690e+01
   3.8211773e+04   1.1865000e+01   8.4991165e+04   1.1319713e+01   8.4991165e+04   1.1136216e+01   8.4991165e+04   1.1062817e+01
   3.7335098e+04   1.1880000e+01   8.5188819e+04   1.1316840e+01   8.5188819e+04   1.1133344e+01   8.5188819e+04   1.1059945e+01
   3.6457485e+04   1.1890000e+01   8.5386473e+04   1.1313968e+01   8.5386473e+04   1.1130471e+01   8.5386473e+04   1.1057073e+01
   3.5579123e+04   1.1900000e+01   8.5584127e+04   1.1311095e+01   8.5584127e+04   1.1127599e+01   8.5584127e+04   1.1054200e+01
   3.4699822e+04   1.1915000e+01   8.5781781e+04   1.1308223e+01   8.5781781e+04   1.1124726e+01   8.5781781e+04   1.1051328e+01
   3.3819585e+04   1.1925000e+01   8.5979435e+04   1.1305350e+01   8.5979435e+04   1.1121854e+01   8.5979435e+04   1.1048455e+01
   3.2938597e+04   1.1935000e+01   8.6177088e+04   1.1302478e+01   8.6177088e+04   1.1118981e+01   8.6177088e+04   1.1045583e+01
   3.2056672e+04   1.1950000e+01   8.6374742e+04   1.1299605e+01   8.6374742e+04   1.1116109e+01   8.6374742e+04   1.1042710e+01
   3.1173809e+04   1.1960000e+01   8.6572396e+04   1.1296733e+01   8.6572396e+04   1.1113236e+01   8.6572396e+04   1.1039838e+01
   3.0290009e+04   1.1975000e+01   8.6770050e+04   1.1293860e+01   8.6770050e+04   1.1110364e+01   8.6770050e+04   1.1036965e+01
   2.9405083e+04   1.1990000e+01   8.6967704e+04   1.1290988e+01   8.6967704e+04   1.1107491e+01   8.6967704e+04   1.1034093e+01
   2.8519221e+04   1.2000000e+01   8.7165358e+04   1.1288115e+01   8.7165358e+04   1.1104619e+01   8.7165358e+04   1.1031220e+01
   2.7632420e+04   1.2015000e+01   8.7363012e+04   1.1285243e+01   8.7363012e+04   1.1101746e+01   8.7363012e+04   1.1028348e+01
   2.6744683e+04   1.2025000e+01   8.7560666e+04   1.1282371e+01   8.7560666e+04   1.1098874e+01   8.7560666e+04   1.1025475e+01
   2.5856195e+04   1.2035000e+01   8.7758319e+04   1.1279498e+01   8.7758319e+04   1.1096001e+01   8.7758319e+04   1.1022603e+01
   2.4966770e+04   1.2050000e+01   8.7955973e+04   1.1276626e+01   8.7955973e+04   1.1093129e+01   8.7955973e+04   1.1019730e+01
   2.4076219e+04   1.2065000e+01   8.8153627e+04   1.1273753e+01   8.8153627e+04   1.1090257e+01   8.8153627e+04   1.1016858e+01
   2.3184544e+04   1.2080000e+01   8.8351281e+04   1.1270881e+01   8.8351281e+04   1.1087384e+01   8.8351281e+04   1.1013985e+01
   2.2291744e+04   1.2095000e+01   8.8548935e+04   1.1268008e+01   8.8548935e+04   1.1084512e+01   8.8548935e+04   1.1011113e+01
   2.1397819e+04   1.2110000e+01   8.8746589e+04   1.1265136e+01   8.8746589e+04   1.1081639e+01   8.8746589e+04   1.1008240e+01
   2.0502768e+04   1.2125000e+01   8.8944243e+04   1.1262263e+01   8.8944243e+04   1.1078767e+01   8.8944243e+04   1.1005368e+01
   1.9606406e+04   1.2145000e+01   8.9141897e+04   1.1259391e+01   8.9141897e+04   1.1075894e+01   8.9141897e+04   1.1002496e+01
   1.4922867e+05   1.0435000e+01   8.9339550e+04   1.1256518e+01   8.9339550e+04   1.1073022e+01   8.9339550e+04   1.0999623e+01
   1.4885094e+05   1.0445000e+01   8.9537204e+04   1.1253646e+01   8.9537204e+04   1.1070149e+01   8.9537204e+04   1.0996751e+01
   1.4847292e+05   1.0450000e+01   8.9734858e+04   1.1250773e+01   8.9734858e+04   1.1067277e+01   8.9734858e+04   1.0993878e+01
   1.4809452e+05   1.0465000e+01   8.9932512e+04   1.1247901e+01   8.9932512e+04   1.1064404e+01   8.9932512e+04   1.0991006e+01
   1.4771566e+05   1.0475000e+01   9.0130166e+04   1.1245028e+01   9.0130166e+04   1.1061532e+01   9.0130166e+04   1.0988133e+01
   1.4733652e+05   1.0480000e+01   9.0327820e+04   1.1242156e+01   9.0327820e+04   1.1058659e+01   9.0327820e+04   1.0985261e+01
   1.4695700e+05   1.0495000e+01   9.0525474e+04   1.1239283e+01   9.0525474e+04   1.1055787e+01   9.0525474e+04   1.0982388e+01
   1.4657710e+05   1.0500000e+01   9.0723128e+04   1.1236411e+01   9.0723128e+04   1.1052914e+01   9.0723128e+04   1.0979516e+01
   1.4619693e+05   1.0510000e+01   9.0920781e+04   1.1233538e+01   9.0920781e+04   1.1050042e+01   9.0920781e+04   1.0976643e+01
   1.4581638e+05   1.0520000e+01   9.1118435e+04   1.1230666e+01   9.1118435e+04   1.1047169e+01   9.1118435e+04   1.0973771e+01
   1.4543545e+05   1.0530000e+01   9.1316089e+04   1.1227794e+01   9.1316089e+04   1.1044297e+01   9.1316089e+04   1.0970898e+01
   1.4505415e+05   1.0540000e+01   9.1513743e+04   1.1224921e+01   9.1513743e+04   1.1041424e+01   9.1513743e+04   1.0968026e+01
   1.4467248e+05   1.0550000e+01   9.1711397e+04   1.1222049e+01   9.1711397e+04   1.1038552e+01   9.1711397e+04   1.0965153e+01
   1.4429043e+05   1.0560000e+01   9.1909051e+04   1.1219176e+01   9.1909051e+04   1.1035680e+01   9.1909051e+04   1.0962281e+01
   1.4390800e+05   1.0570000e+01   9.2106705e+04   1.1216304e+01   9.2106705e+04   1.1032807e+01   9.2106705e+04   1.0959408e+01
   1.4352529e+05   1.0575000e+01   9.2304359e+04   1.1213431e+01   9.2304359e+04   1.1029935e+01   9.2304359e+04   1.0956536e+01
   1.4314231e+05   1.0585000e+01   9.2502012e+04   1.1210559e+01   9.2502012e+04   1.1027062e+01   9.2502012e+04   1.0953663e+01
   1.4275894e+05   1.0595000e+01   9.2699666e+04   1.1207686e+01   9.2699666e+04   1.1024190e+01   9.2699666e+04   1.0950791e+01
   1.4237521e+05   1.0605000e+01   9.2897320e+04   1.1204814e+01   9.2897320e+04   1.1021317e+01   9.2897320e+04   1.0947919e+01
   1.4199119e+05   1.0610000e+01   9.3094974e+04   1.1201941e+01   9.3094974e+04   1.1018445e+01   9.3094974e+04   1.0945046e+01
   1.4160689e+05   1.0620000e+01   9.3292628e+04   1.1199069e+01   9.3292628e+04   1.1015572e+01   9.3292628e+04   1.0942174e+01
   1.4122221e+05   1.0630000e+01   9.3490282e+04   1.1196196e+01   9.3490282e+04   1.1012700e+01   9.3490282e+04   1.0939301e+01
   1.4083716e+05   1.0640000e+01   9.3687936e+04   1.1193324e+01   9.3687936e+04   1.1009827e+01   9.3687936e+04   1.0936429e+01
   1.4045174e+05   1.0650000e+01   9.3885589e+04   1.1190451e+01   9.3885589e+04   1.1006955e+01   9.3885589e+04   1.0933556e+01
   1.4006603e+05   1.0655000e+01   9.4083243e+04   1.1187579e+01   9.4083243e+04   1.1004082e+01   9.4083243e+04   1.0930684e+01
   1.3968004e+05   1.0665000e+01   9.4280897e+04   1.1184706e+01   9.4280897e+04   1.1001210e+01   9.4280897e+04   1.0927811e+01
   1.3929368e+05   1.0675000e+01   9.4478551e+04   1.1181834e+01   9.4478551e+04   1.0998337e+01   9.4478551e+04   1.0924939e+01
   1.3890704e+05   1.0680000e+01   9.4676205e+04   1.1178962e+01   9.4676205e+04   1.0995465e+01   9.4676205e+04   1.0922066e+01
   1.3852011e+05   1.0690000e+01   9.4873859e+04   1.1176089e+01   9.4873859e+04   1.0992592e+01   9.4873859e+04   1.0919194e+01
   1.3813281e+05   1.0700000e+01   9.5071513e+04   1.1173217e+01   9.5071513e+04   1.0989720e+01   9.5071513e+04   1.0916321e+01
   1.3774523e+05   1.0705000e+01   9.5269167e+04   1.1170344e+01   9.5269167e+04   1.0986847e+01   9.5269167e+04   1.0913449e+01
   1.3735737e+05   1.0715000e+01   9.5466820e+04   1.1167472e+01   9.5466820e+04   1.0983975e+01   9.5466820e+04   1.0910576e+01
   1.3696913e+05   1.0725000e+01   9.5664474e+04   1.1164599e+01   9.5664474e+04   1.0981103e+01   9.5664474e+04   1.0907704e+01
   1.3658061e+05   1.0730000e+01   9.5862128e+04   1.1161727e+01   9.5862128e+04   1.0978230e+01   9.5862128e+04   1.0904831e+01
   1.3619181e+05   1.0740000e+01   9.6059782e+04   1.1158854e+01   9.6059782e+04   1.0975358e+01   9.6059782e+04   1.0901959e+01
   1.3580263e+05   1.0750000e+01   9.6257436e+04   1.1155982e+01   9.6257436e+04   1.0972485e+01   9.6257436e+04   1.0899087e+01
   1.3541318e+05   1.0755000e+01   9.6455090e+04   1.1153109e+01   9.6455090e+04   1.0969613e+01   9.6455090e+04   1.0896214e+01
   1.3502344e+05   1.0765000e+01   9.6652744e+04   1.1150237e+01   9.6652744e+04   1.0966740e+01   9.6652744e+04   1.0893342e+01
   1.3463342e+05   1.0770000e+01   9.6850398e+04   1.1147364e+01   9.6850398e+04   1.0963868e+01   9.6850398e+04   1.0890469e+01
   1.3424321e+05   1.0775000e+01   9.7048051e+04   1.1144492e+01   9.7048051e+04   1.0960995e+01   9.7048051e+04   1.0887597e+01
   1.3385273e+05   1.0785000e+01   9.7245705e+04   1.1141619e+01   9.7245705e+04   1.0958123e+01   9.7245705e+04   1.0884724e+01
   1.3346196e+05   1.0790000e+01   9.7443359e+04   1.1138747e+01   9.7443359e+04   1.0955250e+01   9.7443359e+04   1.0881852e+01
   1.3307100e+05   1.0795000e+01   9.7641013e+04   1.1135874e+01   9.7641013e+04   1.0952378e+01   9.7641013e+04   1.0878979e+01
   1.3267986e+05   1.0800000e+01   9.7838667e+04   1.1133002e+01   9.7838667e+04   1.0949505e+01   9.7838667e+04   1.0876107e+01
   1.3228853e+05   1.0805000e+01   9.8036321e+04   1.1130129e+01   9.8036321e+04   1.0946633e+01   9.8036321e+04   1.0873234e+01
   1.3189691e+05   1.0815000e+01   9.8233975e+04   1.1127257e+01   9.8233975e+04   1.0943760e+01   9.8233975e+04   1.0870362e+01
   1.3150502e+05   1.0820000e+01   9.8431629e+04   1.1124385e+01   9.8431629e+04   1.0940888e+01   9.8431629e+04   1.0867489e+01
   1.3111303e+05   1.0820000e+01   9.8629282e+04   1.1121512e+01   9.8629282e+04   1.0938015e+01   9.8629282e+04   1.0864617e+01
   1.3072095e+05   1.0825000e+01   9.8826936e+04   1.1118640e+01   9.8826936e+04   1.0935143e+01   9.8826936e+04   1.0861744e+01
   1.3032868e+05   1.0830000e+01   9.9024590e+04   1.1115767e+01   9.9024590e+04   1.0932271e+01   9.9024590e+04   1.0858872e+01
   1.2993622e+05   1.0835000e+01   9.9222244e+04   1.1112895e+01   9.9222244e+04   1.0929398e+01   9.9222244e+04   1.0855999e+01
   1.2954358e+05   1.0840000e+01   9.9419898e+04   1.1110022e+01   9.9419898e+04   1.0926526e+01   9.9419898e+04   1.0853127e+01
   1.2915075e+05   1.0845000e+01   9.9617552e+04   1.1107150e+01   9.9617552e+04   1.0923653e+01   9.9617552e+04   1.0850254e+01
   1.2875773e+05   1.0850000e+01   9.9815206e+04   1.1104277e+01   9.9815206e+04   1.0920781e+01   9.9815206e+04   1.0847382e+01
   1.2836452e+05   1.0855000e+01   1.0001286e+05   1.1101405e+01   1.0001286e+05   1.0917908e+01   1.0001286e+05   1.0844510e+01
   1.2797122e+05   1.0855000e+01   1.0021051e+05   1.1098532e+01   1.0021051e+05   1.0915036e+01   1.0021051e+05   1.0841637e+01
   1.2757783e+05   1.0860000e+01   1.0040817e+05   1.1095660e+01   1.0040817e+05   1.0912163e+01   1.0040817e+05   1.0838765e+01
   1.2718425e+05   1.0865000e+01   1.0060582e+05   1.1092787e+01   1.0060582e+05   1.0909291e+01   1.0060582e+05   1.0835892e+01
   1.2679048e+05   1.0870000e+01   1.0080348e+05   1.1089915e+01   1.0080348e+05   1.0906418e+01   1.0080348e+05   1.0833020e+01
   1.2639652e+05   1.0875000e+01   1.0100113e+05   1.1087042e+01   1.0100113e+05   1.0903546e+01   1.0100113e+05   1.0830147e+01
   1.2600238e+05   1.0880000e+01   1.0119878e+05   1.1084170e+01   1.0119878e+05   1.0900673e+01   1.0119878e+05   1.0827275e+01
   1.2560805e+05   1.0885000e+01   1.0139644e+05   1.1081297e+01   1.0139644e+05   1.0897801e+01   1.0139644e+05   1.0824402e+01
   1.2521362e+05   1.0885000e+01   1.0159409e+05   1.1078425e+01   1.0159409e+05   1.0894928e+01   1.0159409e+05   1.0821530e+01
   1.2481910e+05   1.0890000e+01   1.0179174e+05   1.1075552e+01   1.0179174e+05   1.0892056e+01   1.0179174e+05   1.0818657e+01
   1.2442439e+05   1.0895000e+01   1.0198940e+05   1.1072680e+01   1.0198940e+05   1.0889183e+01   1.0198940e+05   1.0815785e+01
   1.2402950e+05   1.0900000e+01   1.0218705e+05   1.1069808e+01   1.0218705e+05   1.0886311e+01   1.0218705e+05   1.0812912e+01
   1.2363442e+05   1.0905000e+01   1.0238471e+05   1.1066935e+01   1.0238471e+05   1.0883438e+01   1.0238471e+05   1.0810040e+01
   1.2323915e+05   1.0910000e+01   1.0258236e+05   1.1064063e+01   1.0258236e+05   1.0880566e+01   1.0258236e+05   1.0807167e+01
   1.2284379e+05   1.0910000e+01   1.0278001e+05   1.1061190e+01   1.0278001e+05   1.0877694e+01   1.0278001e+05   1.0804295e+01
   1.2244833e+05   1.0915000e+01   1.0297767e+05   1.1058318e+01   1.0297767e+05   1.0874821e+01   1.0297767e+05   1.0801422e+01
   1.2205269e+05   1.0920000e+01   1.0317532e+05   1.1055445e+01   1.0317532e+05   1.0871949e+01   1.0317532e+05   1.0798550e+01
   1.2165695e+05   1.0920000e+01   1.0337298e+05   1.1052573e+01   1.0337298e+05   1.0869076e+01   1.0337298e+05   1.0795677e+01
   1.2126112e+05   1.0925000e+01   1.0357063e+05   1.1049700e+01   1.0357063e+05   1.0866204e+01   1.0357063e+05   1.0792805e+01
   1.2086510e+05   1.0930000e+01   1.0376828e+05   1.1046828e+01   1.0376828e+05   1.0863331e+01   1.0376828e+05   1.0789933e+01
   1.2046889e+05   1.0935000e+01   1.0396594e+05   1.1043955e+01   1.0396594e+05   1.0860459e+01   1.0396594e+05   1.0787060e+01
   1.2007250e+05   1.0940000e+01   1.0416359e+05   1.1041083e+01   1.0416359e+05   1.0857586e+01   1.0416359e+05   1.0784188e+01
   1.1967601e+05   1.0940000e+01   1.0436124e+05   1.1038210e+01   1.0436124e+05   1.0854714e+01   1.0436124e+05   1.0781315e+01
   1.1927943e+05   1.0945000e+01   1.0455890e+05   1.1035338e+01   1.0455890e+05   1.0851841e+01   1.0455890e+05   1.0778443e+01
   1.1888266e+05   1.0950000e+01   1.0475655e+05   1.1032465e+01   1.0475655e+05   1.0848969e+01   1.0475655e+05   1.0775570e+01
   1.1848580e+05   1.0950000e+01   1.0495421e+05   1.1029593e+01   1.0495421e+05   1.0846096e+01   1.0495421e+05   1.0772698e+01
   1.1808884e+05   1.0955000e+01   1.0515186e+05   1.1026720e+01   1.0515186e+05   1.0843224e+01   1.0515186e+05   1.0769825e+01
   1.1769170e+05   1.0960000e+01   1.0534951e+05   1.1023848e+01   1.0534951e+05   1.0840351e+01   1.0534951e+05   1.0766953e+01
   1.1729437e+05   1.0965000e+01   1.0554717e+05   1.1020975e+01   1.0554717e+05   1.0837479e+01   1.0554717e+05   1.0764080e+01
   1.1689694e+05   1.0965000e+01   1.0574482e+05   1.1018103e+01   1.0574482e+05   1.0834606e+01   1.0574482e+05   1.0761208e+01
   1.1649942e+05   1.0970000e+01   1.0594248e+05   1.1015231e+01   1.0594248e+05   1.0831734e+01   1.0594248e+05   1.0758335e+01
   1.1610171e+05   1.0975000e+01   1.0614013e+05   1.1012358e+01   1.0614013e+05   1.0828861e+01   1.0614013e+05   1.0755463e+01
   1.1570382e+05   1.0980000e+01   1.0633778e+05   1.1009486e+01   1.0633778e+05   1.0825989e+01   1.0633778e+05   1.0752590e+01
   1.1530583e+05   1.0980000e+01   1.0653544e+05   1.1006613e+01   1.0653544e+05   1.0823117e+01   1.0653544e+05   1.0749718e+01
   1.1490775e+05   1.0985000e+01   1.0673309e+05   1.1003741e+01   1.0673309e+05   1.0820244e+01   1.0673309e+05   1.0746845e+01
   1.1450948e+05   1.0990000e+01   1.0693075e+05   1.1000868e+01   1.0693075e+05   1.0817372e+01   1.0693075e+05   1.0743973e+01
   1.1411103e+05   1.0995000e+01   1.0712840e+05   1.0997996e+01   1.0712840e+05   1.0814499e+01   1.0712840e+05   1.0741100e+01
   1.1371238e+05   1.1000000e+01   1.0732605e+05   1.0995123e+01   1.0732605e+05   1.0811627e+01   1.0732605e+05   1.0738228e+01
   1.1331364e+05   1.1000000e+01   1.0752371e+05   1.0992251e+01   1.0752371e+05   1.0808754e+01   1.0752371e+05   1.0735356e+01
   1.1291481e+05   1.1005000e+01   1.0772136e+05   1.0989378e+01   1.0772136e+05   1.0805882e+01   1.0772136e+05   1.0732483e+01
   1.1251579e+05   1.1010000e+01   1.0791901e+05   1.0986506e+01   1.0791901e+05   1.0803009e+01   1.0791901e+05   1.0729611e+01
   1.1211659e+05   1.1015000e+01   1.0811667e+05   1.0983633e+01   1.0811667e+05   1.0800137e+01   1.0811667e+05   1.0726738e+01
   1.1171729e+05   1.1015000e+01   1.0831432e+05   1.0980761e+01   1.0831432e+05   1.0797264e+01   1.0831432e+05   1.0723866e+01
   1.1131789e+05   1.1020000e+01   1.0851198e+05   1.0977888e+01   1.0851198e+05   1.0794392e+01   1.0851198e+05   1.0720993e+01
   1.1091831e+05   1.1025000e+01   1.0870963e+05   1.0975016e+01   1.0870963e+05   1.0791519e+01   1.0870963e+05   1.0718121e+01
   1.1051864e+05   1.1025000e+01   1.0890728e+05   1.0972143e+01   1.0890728e+05   1.0788647e+01   1.0890728e+05   1.0715248e+01
   1.1011887e+05   1.1030000e+01   1.0910494e+05   1.0969271e+01   1.0910494e+05   1.0785774e+01   1.0910494e+05   1.0712376e+01
   1.0971891e+05   1.1035000e+01   1.0930259e+05   1.0966398e+01   1.0930259e+05   1.0782902e+01   1.0930259e+05   1.0709503e+01
   1.0931877e+05   1.1040000e+01   1.0950025e+05   1.0963526e+01   1.0950025e+05   1.0780029e+01   1.0950025e+05   1.0706631e+01
   1.0891853e+05   1.1040000e+01   1.0969790e+05   1.0960654e+01   1.0969790e+05   1.0777157e+01   1.0969790e+05   1.0703758e+01
   1.0851820e+05   1.1045000e+01   1.0989555e+05   1.0957781e+01   1.0989555e+05   1.0774284e+01   1.0989555e+05   1.0700886e+01
   1.0811768e+05   1.1050000e+01   1.1009321e+05   1.0954909e+01   1.1009321e+05   1.0771412e+01   1.1009321e+05   1.0698013e+01
   1.0771697e+05   1.1055000e+01   1.1029086e+05   1.0952036e+01   1.1029086e+05   1.0768540e+01   1.1029086e+05   1.0695141e+01
   1.0731608e+05   1.1060000e+01   1.1048851e+05   1.0949164e+01   1.1048851e+05   1.0765667e+01   1.1048851e+05   1.0692268e+01
   1.0691509e+05   1.1060000e+01   1.1068617e+05   1.0946291e+01   1.1068617e+05   1.0762795e+01   1.1068617e+05   1.0689396e+01
   1.0651401e+05   1.1065000e+01   1.1088382e+05   1.0943419e+01   1.1088382e+05   1.0759922e+01   1.1088382e+05   1.0686523e+01
   1.0611274e+05   1.1070000e+01   1.1108148e+05   1.0940546e+01   1.1108148e+05   1.0757050e+01   1.1108148e+05   1.0683651e+01
   1.0571138e+05   1.1070000e+01   1.1127913e+05   1.0937674e+01   1.1127913e+05   1.0754177e+01   1.1127913e+05   1.0680779e+01
   1.0530992e+05   1.1075000e+01   1.1147678e+05   1.0934801e+01   1.1147678e+05   1.0751305e+01   1.1147678e+05   1.0677906e+01
   1.0490828e+05   1.1080000e+01   1.1167444e+05   1.0931929e+01   1.1167444e+05   1.0748432e+01   1.1167444e+05   1.0675034e+01
   1.0450644e+05   1.1085000e+01   1.1187209e+05   1.0929056e+01   1.1187209e+05   1.0745560e+01   1.1187209e+05   1.0672161e+01
   1.0410443e+05   1.1090000e+01   1.1206975e+05   1.0926184e+01   1.1206975e+05   1.0742687e+01   1.1206975e+05   1.0669289e+01
   1.0370231e+05   1.1090000e+01   1.1226740e+05   1.0923311e+01   1.1226740e+05   1.0739815e+01   1.1226740e+05   1.0666416e+01
   1.0330011e+05   1.1095000e+01   1.1246505e+05   1.0920439e+01   1.1246505e+05   1.0736942e+01   1.1246505e+05   1.0663544e+01
   1.0289771e+05   1.1100000e+01   1.1266271e+05   1.0917566e+01   1.1266271e+05   1.0734070e+01   1.1266271e+05   1.0660671e+01
   1.0249522e+05   1.1100000e+01   1.1286036e+05   1.0914694e+01   1.1286036e+05   1.0731197e+01   1.1286036e+05   1.0657799e+01
   1.0209264e+05   1.1105000e+01   1.1305802e+05   1.0911822e+01   1.1305802e+05   1.0728325e+01   1.1305802e+05   1.0654926e+01
   1.0168987e+05   1.1110000e+01   1.1325567e+05   1.0908949e+01   1.1325567e+05   1.0725452e+01   1.1325567e+05   1.0652054e+01
   1.0128692e+05   1.1115000e+01   1.1345332e+05   1.0906077e+01   1.1345332e+05   1.0722580e+01   1.1345332e+05   1.0649181e+01
   1.0088377e+05   1.1120000e+01   1.1365098e+05   1.0903204e+01   1.1365098e+05   1.0719707e+01   1.1365098e+05   1.0646309e+01
   1.0048054e+05   1.1120000e+01   1.1384863e+05   1.0900332e+01   1.1384863e+05   1.0716835e+01   1.1384863e+05   1.0643436e+01
   1.0007720e+05   1.1125000e+01   1.1404628e+05   1.0897459e+01   1.1404628e+05   1.0713963e+01   1.1404628e+05   1.0640564e+01
   9.9673685e+04   1.1130000e+01   1.1424394e+05   1.0894587e+01   1.1424394e+05   1.0711090e+01   1.1424394e+05   1.0637691e+01
   9.9269979e+04   1.1135000e+01   1.1444159e+05   1.0891714e+01   1.1444159e+05   1.0708218e+01   1.1444159e+05   1.0634819e+01
   9.8866085e+04   1.1140000e+01   1.1463925e+05   1.0888842e+01   1.1463925e+05   1.0705345e+01   1.1463925e+05   1.0631946e+01
   9.8462003e+04   1.1145000e+01   1.1483690e+05   1.0885969e+01   1.1483690e+05   1.0702473e+01   1.1483690e+05   1.0629074e+01
   9.8057734e+04   1.1150000e+01   1.1503455e+05   1.0883097e+01   1.1503455e+05   1.0699600e+01   1.1503455e+05   1.0626202e+01
   9.7653278e+04   1.1155000e+01   1.1523221e+05   1.0880224e+01   1.1523221e+05   1.0696728e+01   1.1523221e+05   1.0623329e+01
   9.7248727e+04   1.1155000e+01   1.1542986e+05   1.0877352e+01   1.1542986e+05   1.0693855e+01   1.1542986e+05   1.0620457e+01
   9.6844083e+04   1.1160000e+01   1.1562752e+05   1.0874479e+01   1.1562752e+05   1.0690983e+01   1.1562752e+05   1.0617584e+01
   9.6439252e+04   1.1165000e+01   1.1582517e+05   1.0871607e+01   1.1582517e+05   1.0688110e+01   1.1582517e+05   1.0614712e+01
   9.6034233e+04   1.1170000e+01   1.1602282e+05   1.0868734e+01   1.1602282e+05   1.0685238e+01   1.1602282e+05   1.0611839e+01
   9.5629026e+04   1.1175000e+01   1.1622048e+05   1.0865862e+01   1.1622048e+05   1.0682365e+01   1.1622048e+05   1.0608967e+01
   9.5223632e+04   1.1180000e+01   1.1641813e+05   1.0862989e+01   1.1641813e+05   1.0679493e+01   1.1641813e+05   1.0606094e+01
   9.4818145e+04   1.1180000e+01   1.1661578e+05   1.0860117e+01   1.1661578e+05   1.0676620e+01   1.1661578e+05   1.0603222e+01
   9.4412563e+04   1.1185000e+01   1.1681344e+05   1.0857245e+01   1.1681344e+05   1.0673748e+01   1.1681344e+05   1.0600349e+01
   9.4006700e+04   1.1195000e+01   1.1701109e+05   1.0854372e+01   1.1701109e+05   1.0670875e+01   1.1701109e+05   1.0597477e+01
   9.3600650e+04   1.1195000e+01   1.1720875e+05   1.0851500e+01   1.1720875e+05   1.0668003e+01   1.1720875e+05   1.0594604e+01
   9.3194506e+04   1.1200000e+01   1.1740640e+05   1.0848627e+01   1.1740640e+05   1.0665131e+01   1.1740640e+05   1.0591732e+01
   9.2788175e+04   1.1205000e+01   1.1760405e+05   1.0845755e+01   1.1760405e+05   1.0662258e+01   1.1760405e+05   1.0588859e+01
   9.2381656e+04   1.1210000e+01   1.1780171e+05   1.0842882e+01   1.1780171e+05   1.0659386e+01   1.1780171e+05   1.0585987e+01
   9.1974949e+04   1.1215000e+01   1.1799936e+05   1.0840010e+01   1.1799936e+05   1.0656513e+01   1.1799936e+05   1.0583114e+01
   9.1568055e+04   1.1220000e+01   1.1819702e+05   1.0837137e+01   1.1819702e+05   1.0653641e+01   1.1819702e+05   1.0580242e+01
   9.1160974e+04   1.1225000e+01   1.1839467e+05   1.0834265e+01   1.1839467e+05   1.0650768e+01   1.1839467e+05   1.0577370e+01
   9.0753798e+04   1.1225000e+01   1.1859232e+05   1.0831392e+01   1.1859232e+05   1.0647896e+01   1.1859232e+05   1.0574497e+01
   9.0346436e+04   1.1235000e+01   1.1878998e+05   1.0828520e+01   1.1878998e+05   1.0645023e+01   1.1878998e+05   1.0571625e+01
   8.9938792e+04   1.1240000e+01   1.1898763e+05   1.0825647e+01   1.1898763e+05   1.0642151e+01   1.1898763e+05   1.0568752e+01
   8.9530960e+04   1.1245000e+01   1.1918529e+05   1.0822775e+01   1.1918529e+05   1.0639278e+01   1.1918529e+05   1.0565880e+01
   8.9122941e+04   1.1250000e+01   1.1938294e+05   1.0819902e+01   1.1938294e+05   1.0636406e+01   1.1938294e+05   1.0563007e+01
   8.8714735e+04   1.1255000e+01   1.1958059e+05   1.0817030e+01   1.1958059e+05   1.0633533e+01   1.1958059e+05   1.0560135e+01
   8.8306434e+04   1.1255000e+01   1.1977825e+05   1.0814157e+01   1.1977825e+05   1.0630661e+01   1.1977825e+05   1.0557262e+01
   8.7897947e+04   1.1265000e+01   1.1997590e+05   1.0811285e+01   1.1997590e+05   1.0627788e+01   1.1997590e+05   1.0554390e+01
   8.7489178e+04   1.1270000e+01   1.2017355e+05   1.0808412e+01   1.2017355e+05   1.0624916e+01   1.2017355e+05   1.0551517e+01
   8.7080315e+04   1.1270000e+01   1.2037121e+05   1.0805540e+01   1.2037121e+05   1.0622043e+01   1.2037121e+05   1.0548645e+01
   8.6671358e+04   1.1275000e+01   1.2056886e+05   1.0802668e+01   1.2056886e+05   1.0619171e+01   1.2056886e+05   1.0545772e+01
   8.6262214e+04   1.1280000e+01   1.2076652e+05   1.0799795e+01   1.2076652e+05   1.0616298e+01   1.2076652e+05   1.0542900e+01
   8.5852883e+04   1.1285000e+01   1.2096417e+05   1.0796923e+01   1.2096417e+05   1.0613426e+01   1.2096417e+05   1.0540027e+01
   8.5443270e+04   1.1295000e+01   1.2116182e+05   1.0794050e+01   1.2116182e+05   1.0610554e+01   1.2116182e+05   1.0537155e+01
   8.5033376e+04   1.1300000e+01   1.2135948e+05   1.0791178e+01   1.2135948e+05   1.0607681e+01   1.2135948e+05   1.0534282e+01
   8.4623295e+04   1.1305000e+01   1.2155713e+05   1.0788305e+01   1.2155713e+05   1.0604809e+01   1.2155713e+05   1.0531410e+01
   8.4213026e+04   1.1310000e+01   1.2175479e+05   1.0785433e+01   1.2175479e+05   1.0601936e+01   1.2175479e+05   1.0528537e+01
   8.3802569e+04   1.1315000e+01   1.2195244e+05   1.0782560e+01   1.2195244e+05   1.0599064e+01   1.2195244e+05   1.0525665e+01
   8.3391925e+04   1.1320000e+01   1.2215009e+05   1.0779688e+01   1.2215009e+05   1.0596191e+01   1.2215009e+05   1.0522793e+01
   8.2981094e+04   1.1325000e+01   1.2234775e+05   1.0776815e+01   1.2234775e+05   1.0593319e+01   1.2234775e+05   1.0519920e+01
   8.2570074e+04   1.1330000e+01   1.2254540e+05   1.0773943e+01   1.2254540e+05   1.0590446e+01   1.2254540e+05   1.0517048e+01
   8.2158868e+04   1.1335000e+01   1.2274305e+05   1.0771070e+01   1.2274305e+05   1.0587574e+01   1.2274305e+05   1.0514175e+01
   8.1747380e+04   1.1345000e+01   1.2294071e+05   1.0768198e+01   1.2294071e+05   1.0584701e+01   1.2294071e+05   1.0511303e+01
   8.1335611e+04   1.1350000e+01   1.2313836e+05   1.0765325e+01   1.2313836e+05   1.0581829e+01   1.2313836e+05   1.0508430e+01
   8.0923655e+04   1.1355000e+01   1.2333602e+05   1.0762453e+01   1.2333602e+05   1.0578956e+01   1.2333602e+05   1.0505558e+01
   8.0511511e+04   1.1360000e+01   1.2353367e+05   1.0759580e+01   1.2353367e+05   1.0576084e+01   1.2353367e+05   1.0502685e+01
   8.0099179e+04   1.1365000e+01   1.2373132e+05   1.0756708e+01   1.2373132e+05   1.0573211e+01   1.2373132e+05   1.0499813e+01
   7.9686660e+04   1.1370000e+01   1.2392898e+05   1.0753835e+01   1.2392898e+05   1.0570339e+01   1.2392898e+05   1.0496940e+01
   7.9273860e+04   1.1380000e+01   1.2412663e+05   1.0750963e+01   1.2412663e+05   1.0567466e+01   1.2412663e+05   1.0494068e+01
   7.8860778e+04   1.1385000e+01   1.2432429e+05   1.0748091e+01   1.2432429e+05   1.0564594e+01   1.2432429e+05   1.0491195e+01
   7.8447509e+04   1.1390000e+01   1.2452194e+05   1.0745218e+01   1.2452194e+05   1.0561721e+01   1.2452194e+05   1.0488323e+01
   7.8034053e+04   1.1395000e+01   1.2471959e+05   1.0742346e+01   1.2471959e+05   1.0558849e+01   1.2471959e+05   1.0485450e+01
   7.7620315e+04   1.1405000e+01   1.2491725e+05   1.0739473e+01   1.2491725e+05   1.0555977e+01   1.2491725e+05   1.0482578e+01
   7.7206296e+04   1.1410000e+01   1.2511490e+05   1.0736601e+01   1.2511490e+05   1.0553104e+01   1.2511490e+05   1.0479705e+01
   7.6792090e+04   1.1415000e+01   1.2531256e+05   1.0733728e+01   1.2531256e+05   1.0550232e+01   1.2531256e+05   1.0476833e+01
   7.6377696e+04   1.1420000e+01   1.2551021e+05   1.0730856e+01   1.2551021e+05   1.0547359e+01   1.2551021e+05   1.0473960e+01
   7.5963020e+04   1.1430000e+01   1.2570786e+05   1.0727983e+01   1.2570786e+05   1.0544487e+01   1.2570786e+05   1.0471088e+01
   7.5548064e+04   1.1435000e+01   1.2590552e+05   1.0725111e+01   1.2590552e+05   1.0541614e+01   1.2590552e+05   1.0468216e+01
   7.5132920e+04   1.1440000e+01   1.2610317e+05   1.0722238e+01   1.2610317e+05   1.0538742e+01   1.2610317e+05   1.0465343e+01
   7.4717588e+04   1.1445000e+01   1.2630082e+05   1.0719366e+01   1.2630082e+05   1.0535869e+01   1.2630082e+05   1.0462471e+01
   7.4301976e+04   1.1455000e+01   1.2649848e+05   1.0716493e+01   1.2649848e+05   1.0532997e+01   1.2649848e+05   1.0459598e+01
   7.3886082e+04   1.1460000e+01   1.2669613e+05   1.0713621e+01   1.2669613e+05   1.0530124e+01   1.2669613e+05   1.0456726e+01
   7.3470000e+04   1.1465000e+01   1.2689379e+05   1.0710748e+01   1.2689379e+05   1.0527252e+01   1.2689379e+05   1.0453853e+01
   7.3053637e+04   1.1475000e+01   1.2709144e+05   1.0707876e+01   1.2709144e+05   1.0524379e+01   1.2709144e+05   1.0450981e+01
   7.2636993e+04   1.1480000e+01   1.2728909e+05   1.0705003e+01   1.2728909e+05   1.0521507e+01   1.2728909e+05   1.0448108e+01
   7.2220162e+04   1.1485000e+01   1.2748675e+05   1.0702131e+01   1.2748675e+05   1.0518634e+01   1.2748675e+05   1.0445236e+01
   7.1803143e+04   1.1490000e+01   1.2768440e+05   1.0699258e+01   1.2768440e+05   1.0515762e+01   1.2768440e+05   1.0442363e+01
   7.1385843e+04   1.1500000e+01   1.2788206e+05   1.0696386e+01   1.2788206e+05   1.0512889e+01   1.2788206e+05   1.0439491e+01
   7.0968261e+04   1.1505000e+01   1.2807971e+05   1.0693514e+01   1.2807971e+05   1.0510017e+01   1.2807971e+05   1.0436618e+01
   7.0550398e+04   1.1515000e+01   1.2827736e+05   1.0690641e+01   1.2827736e+05   1.0507144e+01   1.2827736e+05   1.0433746e+01
   7.0132254e+04   1.1520000e+01   1.2847502e+05   1.0687769e+01   1.2847502e+05   1.0504272e+01   1.2847502e+05   1.0430873e+01
   6.9713923e+04   1.1525000e+01   1.2867267e+05   1.0684896e+01   1.2867267e+05   1.0501400e+01   1.2867267e+05   1.0428001e+01
   6.9295310e+04   1.1535000e+01   1.2887032e+05   1.0682024e+01   1.2887032e+05   1.0498527e+01   1.2887032e+05   1.0425128e+01
   6.8876416e+04   1.1540000e+01   1.2906798e+05   1.0679151e+01   1.2906798e+05   1.0495655e+01   1.2906798e+05   1.0422256e+01
   6.8457241e+04   1.1550000e+01   1.2926563e+05   1.0676279e+01   1.2926563e+05   1.0492782e+01   1.2926563e+05   1.0419383e+01
   6.8037784e+04   1.1555000e+01   1.2946329e+05   1.0673406e+01   1.2946329e+05   1.0489910e+01   1.2946329e+05   1.0416511e+01
   6.7618140e+04   1.1560000e+01   1.2966094e+05   1.0670534e+01   1.2966094e+05   1.0487037e+01   1.2966094e+05   1.0413639e+01
   6.7198215e+04   1.1570000e+01   1.2985859e+05   1.0667661e+01   1.2985859e+05   1.0484165e+01   1.2985859e+05   1.0410766e+01
   6.6778009e+04   1.1575000e+01   1.3005625e+05   1.0664789e+01   1.3005625e+05   1.0481292e+01   1.3005625e+05   1.0407894e+01
   6.6357614e+04   1.1580000e+01   1.3025390e+05   1.0661916e+01   1.3025390e+05   1.0478420e+01   1.3025390e+05   1.0405021e+01
   6.5936939e+04   1.1590000e+01   1.3045156e+05   1.0659044e+01   1.3045156e+05   1.0475547e+01   1.3045156e+05   1.0402149e+01
   6.5515983e+04   1.1595000e+01   1.3064921e+05   1.0656171e+01   1.3064921e+05   1.0472675e+01   1.3064921e+05   1.0399276e+01
   6.5094745e+04   1.1605000e+01   1.3084686e+05   1.0653299e+01   1.3084686e+05   1.0469802e+01   1.3084686e+05   1.0396404e+01
   6.4673226e+04   1.1610000e+01   1.3104452e+05   1.0650426e+01   1.3104452e+05   1.0466930e+01   1.3104452e+05   1.0393531e+01
   6.4251426e+04   1.1620000e+01   1.3124217e+05   1.0647554e+01   1.3124217e+05   1.0464057e+01   1.3124217e+05   1.0390659e+01
   6.3829344e+04   1.1625000e+01   1.3143983e+05   1.0644681e+01   1.3143983e+05   1.0461185e+01   1.3143983e+05   1.0387786e+01
   6.3407075e+04   1.1630000e+01   1.3163748e+05   1.0641809e+01   1.3163748e+05   1.0458312e+01   1.3163748e+05   1.0384914e+01
   6.2984525e+04   1.1640000e+01   1.3183513e+05   1.0638937e+01   1.3183513e+05   1.0455440e+01   1.3183513e+05   1.0382041e+01
   6.2561693e+04   1.1645000e+01   1.3203279e+05   1.0636064e+01   1.3203279e+05   1.0452567e+01   1.3203279e+05   1.0379169e+01
   6.2138581e+04   1.1655000e+01   1.3223044e+05   1.0633192e+01   1.3223044e+05   1.0449695e+01   1.3223044e+05   1.0376296e+01
   6.1715187e+04   1.1660000e+01   1.3242809e+05   1.0630319e+01   1.3242809e+05   1.0446823e+01   1.3242809e+05   1.0373424e+01
   6.1291605e+04   1.1665000e+01   1.3262575e+05   1.0627447e+01   1.3262575e+05   1.0443950e+01   1.3262575e+05   1.0370551e+01
   6.0867742e+04   1.1675000e+01   1.3282340e+05   1.0624574e+01   1.3282340e+05   1.0441078e+01   1.3282340e+05   1.0367679e+01
   6.0443598e+04   1.1680000e+01   1.3302106e+05   1.0621702e+01   1.3302106e+05   1.0438205e+01   1.3302106e+05   1.0364806e+01
   6.0019267e+04   1.1685000e+01   1.3321871e+05   1.0618829e+01   1.3321871e+05   1.0435333e+01   1.3321871e+05   1.0361934e+01
   5.9594654e+04   1.1695000e+01   1.3341636e+05   1.0615957e+01   1.3341636e+05   1.0432460e+01   1.3341636e+05   1.0359062e+01
   5.9169760e+04   1.1700000e+01   1.3361402e+05   1.0613084e+01   1.3361402e+05   1.0429588e+01   1.3361402e+05   1.0356189e+01
   5.8744585e+04   1.1710000e+01   1.3381167e+05   1.0610212e+01   1.3381167e+05   1.0426715e+01   1.3381167e+05   1.0353317e+01
   5.8319128e+04   1.1715000e+01   1.3400933e+05   1.0607339e+01   1.3400933e+05   1.0423843e+01   1.3400933e+05   1.0350444e+01
   5.7893484e+04   1.1720000e+01   1.3420698e+05   1.0604467e+01   1.3420698e+05   1.0420970e+01   1.3420698e+05   1.0347572e+01
   5.7467559e+04   1.1730000e+01   1.3440463e+05   1.0601594e+01   1.3440463e+05   1.0418098e+01   1.3440463e+05   1.0344699e+01
   5.7041353e+04   1.1735000e+01   1.3460229e+05   1.0598722e+01   1.3460229e+05   1.0415225e+01   1.3460229e+05   1.0341827e+01
   5.6614959e+04   1.1740000e+01   1.3479994e+05   1.0595849e+01   1.3479994e+05   1.0412353e+01   1.3479994e+05   1.0338954e+01
   5.6188283e+04   1.1750000e+01   1.3499759e+05   1.0592977e+01   1.3499759e+05   1.0409480e+01   1.3499759e+05   1.0336082e+01
   5.5761327e+04   1.1755000e+01   1.3519525e+05   1.0590105e+01   1.3519525e+05   1.0406608e+01   1.3519525e+05   1.0333209e+01
   5.5334183e+04   1.1760000e+01   1.3539290e+05   1.0587232e+01   1.3539290e+05   1.0403735e+01   1.3539290e+05   1.0330337e+01
   5.4906758e+04   1.1770000e+01   1.3559056e+05   1.0584360e+01   1.3559056e+05   1.0400863e+01   1.3559056e+05   1.0327464e+01
   5.4479051e+04   1.1775000e+01   1.3578821e+05   1.0581487e+01   1.3578821e+05   1.0397991e+01   1.3578821e+05   1.0324592e+01
   5.4051157e+04   1.1780000e+01   1.3598586e+05   1.0578615e+01   1.3598586e+05   1.0395118e+01   1.3598586e+05   1.0321719e+01
   5.3622982e+04   1.1790000e+01   1.3618352e+05   1.0575742e+01   1.3618352e+05   1.0392246e+01   1.3618352e+05   1.0318847e+01
   5.3194525e+04   1.1795000e+01   1.3638117e+05   1.0572870e+01   1.3638117e+05   1.0389373e+01   1.3638117e+05   1.0315974e+01
   5.2765881e+04   1.1800000e+01   1.3657883e+05   1.0569997e+01   1.3657883e+05   1.0386501e+01   1.3657883e+05   1.0313102e+01
   5.2336956e+04   1.1810000e+01   1.3677648e+05   1.0567125e+01   1.3677648e+05   1.0383628e+01   1.3677648e+05   1.0310230e+01
   5.1907750e+04   1.1815000e+01   1.3697413e+05   1.0564252e+01   1.3697413e+05   1.0380756e+01   1.3697413e+05   1.0307357e+01
   5.1478356e+04   1.1820000e+01   1.3717179e+05   1.0561380e+01   1.3717179e+05   1.0377883e+01   1.3717179e+05   1.0304485e+01
   5.1048774e+04   1.1825000e+01   1.3736944e+05   1.0558507e+01   1.3736944e+05   1.0375011e+01   1.3736944e+05   1.0301612e+01
   5.0618911e+04   1.1835000e+01   1.3756710e+05   1.0555635e+01   1.3756710e+05   1.0372138e+01   1.3756710e+05   1.0298740e+01
   5.0188767e+04   1.1840000e+01   1.3776475e+05   1.0552762e+01   1.3776475e+05   1.0369266e+01   1.3776475e+05   1.0295867e+01
   4.9758342e+04   1.1850000e+01   1.3796240e+05   1.0549890e+01   1.3796240e+05   1.0366393e+01   1.3796240e+05   1.0292995e+01
   4.9327635e+04   1.1855000e+01   1.3816006e+05   1.0547017e+01   1.3816006e+05   1.0363521e+01   1.3816006e+05   1.0290122e+01
   4.8896741e+04   1.1860000e+01   1.3835771e+05   1.0544145e+01   1.3835771e+05   1.0360648e+01   1.3835771e+05   1.0287250e+01
   4.8465660e+04   1.1865000e+01   1.3855536e+05   1.0541272e+01   1.3855536e+05   1.0357776e+01   1.3855536e+05   1.0284377e+01
   4.8034391e+04   1.1870000e+01   1.3875302e+05   1.0538400e+01   1.3875302e+05   1.0354903e+01   1.3875302e+05   1.0281505e+01
   4.7602841e+04   1.1880000e+01   1.3895067e+05   1.0535528e+01   1.3895067e+05   1.0352031e+01   1.3895067e+05   1.0278632e+01
   4.7171009e+04   1.1885000e+01   1.3914833e+05   1.0532655e+01   1.3914833e+05   1.0349158e+01   1.3914833e+05   1.0275760e+01
   4.6738990e+04   1.1890000e+01   1.3934598e+05   1.0529783e+01   1.3934598e+05   1.0346286e+01   1.3934598e+05   1.0272887e+01
   4.6306690e+04   1.1900000e+01   1.3954363e+05   1.0526910e+01   1.3954363e+05   1.0343414e+01   1.3954363e+05   1.0270015e+01
   4.5874108e+04   1.1905000e+01   1.3974129e+05   1.0524038e+01   1.3974129e+05   1.0340541e+01   1.3974129e+05   1.0267142e+01
   4.5441339e+04   1.1910000e+01   1.3993894e+05   1.0521165e+01   1.3993894e+05   1.0337669e+01   1.3993894e+05   1.0264270e+01
   4.5008383e+04   1.1915000e+01   1.4013660e+05   1.0518293e+01   1.4013660e+05   1.0334796e+01   1.4013660e+05   1.0261397e+01
   4.4575145e+04   1.1925000e+01   1.4033425e+05   1.0515420e+01   1.4033425e+05   1.0331924e+01   1.4033425e+05   1.0258525e+01
   4.4141626e+04   1.1930000e+01   1.4053190e+05   1.0512548e+01   1.4053190e+05   1.0329051e+01   1.4053190e+05   1.0255653e+01
   4.3707920e+04   1.1935000e+01   1.4072956e+05   1.0509675e+01   1.4072956e+05   1.0326179e+01   1.4072956e+05   1.0252780e+01
   4.3274026e+04   1.1940000e+01   1.4092721e+05   1.0506803e+01   1.4092721e+05   1.0323306e+01   1.4092721e+05   1.0249908e+01
   4.2839850e+04   1.1950000e+01   1.4112487e+05   1.0503930e+01   1.4112487e+05   1.0320434e+01   1.4112487e+05   1.0247035e+01
   4.2405394e+04   1.1955000e+01   1.4132252e+05   1.0501058e+01   1.4132252e+05   1.0317561e+01   1.4132252e+05   1.0244163e+01
   4.1970750e+04   1.1960000e+01   1.4152017e+05   1.0498185e+01   1.4152017e+05   1.0314689e+01   1.4152017e+05   1.0241290e+01
   4.1535918e+04   1.1965000e+01   1.4171783e+05   1.0495313e+01   1.4171783e+05   1.0311816e+01   1.4171783e+05   1.0238418e+01
   4.1100899e+04   1.1970000e+01   1.4191548e+05   1.0492440e+01   1.4191548e+05   1.0308944e+01   1.4191548e+05   1.0235545e+01
   4.0665599e+04   1.1980000e+01   1.4211313e+05   1.0489568e+01   1.4211313e+05   1.0306071e+01   1.4211313e+05   1.0232673e+01
   4.0230018e+04   1.1985000e+01   1.4231079e+05   1.0486695e+01   1.4231079e+05   1.0303199e+01   1.4231079e+05   1.0229800e+01
   3.9794155e+04   1.1995000e+01   1.4250844e+05   1.0483823e+01   1.4250844e+05   1.0300326e+01   1.4250844e+05   1.0226928e+01
   3.9358011e+04   1.2000000e+01   1.4270610e+05   1.0480951e+01   1.4270610e+05   1.0297454e+01   1.4270610e+05   1.0224055e+01
   3.8921679e+04   1.2005000e+01   1.4290375e+05   1.0478078e+01   1.4290375e+05   1.0294581e+01   1.4290375e+05   1.0221183e+01
   3.8485160e+04   1.2010000e+01   1.4310140e+05   1.0475206e+01   1.4310140e+05   1.0291709e+01   1.4310140e+05   1.0218310e+01
   3.8048454e+04   1.2015000e+01   1.4329906e+05   1.0472333e+01   1.4329906e+05   1.0288837e+01   1.4329906e+05   1.0215438e+01
   3.7611466e+04   1.2025000e+01   1.4349671e+05   1.0469461e+01   1.4349671e+05   1.0285964e+01   1.4349671e+05   1.0212565e+01
   3.7174197e+04   1.2030000e+01   1.4369437e+05   1.0466588e+01   1.4369437e+05   1.0283092e+01   1.4369437e+05   1.0209693e+01
   3.6736741e+04   1.2035000e+01   1.4389202e+05   1.0463716e+01   1.4389202e+05   1.0280219e+01   1.4389202e+05   1.0206820e+01
   3.6299003e+04   1.2045000e+01   1.4408967e+05   1.0460843e+01   1.4408967e+05   1.0277347e+01   1.4408967e+05   1.0203948e+01
   3.5860984e+04   1.2050000e+01   1.4428733e+05   1.0457971e+01   1.4428733e+05   1.0274474e+01   1.4428733e+05   1.0201076e+01
   3.5422777e+04   1.2055000e+01   1.4448498e+05   1.0455098e+01   1.4448498e+05   1.0271602e+01   1.4448498e+05   1.0198203e+01
   3.4984290e+04   1.2065000e+01   1.4468263e+05   1.0452226e+01   1.4468263e+05   1.0268729e+01   1.4468263e+05   1.0195331e+01
   3.4545521e+04   1.2070000e+01   1.4488029e+05   1.0449353e+01   1.4488029e+05   1.0265857e+01   1.4488029e+05   1.0192458e+01
   3.4106564e+04   1.2075000e+01   1.4507794e+05   1.0446481e+01   1.4507794e+05   1.0262984e+01   1.4507794e+05   1.0189586e+01
   3.3667326e+04   1.2085000e+01   1.4527560e+05   1.0443608e+01   1.4527560e+05   1.0260112e+01   1.4527560e+05   1.0186713e+01
   3.3227807e+04   1.2090000e+01   1.4547325e+05   1.0440736e+01   1.4547325e+05   1.0257239e+01   1.4547325e+05   1.0183841e+01
   3.2788007e+04   1.2100000e+01   1.4567090e+05   1.0437863e+01   1.4567090e+05   1.0254367e+01   1.4567090e+05   1.0180968e+01
   3.2347925e+04   1.2105000e+01   1.4586856e+05   1.0434991e+01   1.4586856e+05   1.0251494e+01   1.4586856e+05   1.0178096e+01
   3.1907656e+04   1.2110000e+01   1.4606621e+05   1.0432118e+01   1.4606621e+05   1.0248622e+01   1.4606621e+05   1.0175223e+01
   3.1467200e+04   1.2115000e+01   1.4626387e+05   1.0429246e+01   1.4626387e+05   1.0245749e+01   1.4626387e+05   1.0172351e+01
   3.1026462e+04   1.2125000e+01   1.4646152e+05   1.0426374e+01   1.4646152e+05   1.0242877e+01   1.4646152e+05   1.0169478e+01
   3.0585443e+04   1.2130000e+01   1.4665917e+05   1.0423501e+01   1.4665917e+05   1.0240004e+01   1.4665917e+05   1.0166606e+01
   3.0144143e+04   1.2140000e+01   1.4685683e+05   1.0420629e+01   1.4685683e+05   1.0237132e+01   1.4685683e+05   1.0163733e+01
   2.9702468e+04   1.2150000e+01   1.4705448e+05   1.0417756e+01   1.4705448e+05   1.0234260e+01   1.4705448e+05   1.0160861e+01
   2.9260511e+04   1.2155000e+01   1.4725214e+05   1.0414884e+01   1.4725214e+05   1.0231387e+01   1.4725214e+05   1.0157988e+01
   2.8818367e+04   1.2160000e+01   1.4744979e+05   1.0412011e+01   1.4744979e+05   1.0228515e+01   1.4744979e+05   1.0155116e+01
   2.8375942e+04   1.2170000e+01   1.4764744e+05   1.0409139e+01   1.4764744e+05   1.0225642e+01   1.4764744e+05   1.0152243e+01
   2.7933235e+04   1.2175000e+01   1.4784510e+05   1.0406266e+01   1.4784510e+05   1.0222770e+01   1.4784510e+05   1.0149371e+01
   2.7490248e+04   1.2185000e+01   1.4804275e+05   1.0403394e+01   1.4804275e+05   1.0219897e+01   1.4804275e+05   1.0146499e+01
   2.7046885e+04   1.2195000e+01   1.4824040e+05   1.0400521e+01   1.4824040e+05   1.0217025e+01   1.4824040e+05   1.0143626e+01
   2.6603241e+04   1.2200000e+01   1.4843806e+05   1.0397649e+01   1.4843806e+05   1.0214152e+01   1.4843806e+05   1.0140754e+01
   2.6159316e+04   1.2210000e+01   1.4863571e+05   1.0394776e+01   1.4863571e+05   1.0211280e+01   1.4863571e+05   1.0137881e+01
   2.5715109e+04   1.2215000e+01   1.4883337e+05   1.0391904e+01   1.4883337e+05   1.0208407e+01   1.4883337e+05   1.0135009e+01
   2.5270621e+04   1.2225000e+01   1.4903102e+05   1.0389031e+01   1.4903102e+05   1.0205535e+01   1.4903102e+05   1.0132136e+01
   2.4825852e+04   1.2230000e+01   1.4922867e+05   1.0386159e+01   1.4922867e+05   1.0202662e+01   1.4922867e+05   1.0129264e+01
