0	0.0000	9.775	0	2.5000	9.91	0	5.0000	10.36
0	1.5000	9.95	0	2.5000	10.23	7.5	5.0000	10.385
7.5	1.5000	9.99	7.5	2.5000	10.27	15	5.0000	10.38
15	1.5000	10.015	15	2.5000	10.28	22.5	5.0000	10.375
30	1.5000	10.05	22.5	2.5000	10.29	30	5.0000	10.385
45	1.5000	10.08	30	2.5000	10.3	37.5	5.0000	10.395
60	1.5000	10.105	37.5	2.5000	10.305	45	5.0000	10.4
75	1.5000	10.12	45	2.5000	10.31	52.5	5.0000	10.41
90	1.5000	10.135	52.5	2.5000	10.315	60	5.0000	10.415
120	1.5000	10.15	60	2.5000	10.315	67.5	5.0000	10.415
150	1.5000	10.165	67.5	2.5000	10.32	75	5.0000	10.435
180	1.5000	10.17	75	2.5000	10.32	82.5	5.0000	10.445
210	1.5000	10.175	82.5	2.5000	10.325	90	5.0000	10.45
240	1.5000	10.18	90	2.5000	10.325	97.5	5.0000	10.465
270	1.5000	10.185	97.5	2.5000	10.33	105	5.0000	10.475
300	1.5000	10.19	105	2.5000	10.33	112.5	5.0000	10.48
330	1.5000	10.2	112.5	2.5000	10.335	120	5.0000	10.495
360	1.5000	10.205	120	2.5000	10.335	127.5	5.0000	10.5
390	1.5000	10.21	127.5	2.5000	10.34	135	5.0000	10.51
420	1.5000	10.215	135	2.5000	10.345	142.5	5.0000	10.52
450	1.5000	10.22	142.5	2.5000	10.35	150	5.0000	10.53
480	1.5000	10.225	150	2.5000	10.35	157.5	5.0000	10.54
510	1.5000	10.23	180	2.5000	10.36	165	5.0000	10.55
540	1.5000	10.235	210	2.5000	10.375	172.5	5.0000	10.56
570	1.5000	10.245	240	2.5000	10.385	180	5.0000	10.57
600	1.5000	10.25	270	2.5000	10.4	187.5	5.0000	10.575
630	1.5000	10.255	300	2.5000	10.415	195	5.0000	10.585
660	1.5000	10.265	330	2.5000	10.43	202.5	5.0000	10.595
690	1.5000	10.27	360	2.5000	10.445	210	5.0000	10.605
720	1.5000	10.275	390	2.5000	10.465	217.5	5.0000	10.61
750	1.5000	10.285	420	2.5000	10.48	225	5.0000	10.62
780	1.5000	10.29	450	2.5000	10.495	232.5	5.0000	10.63
810	1.5000	10.3	480	2.5000	10.515	240	5.0000	10.64
840	1.5000	10.31	510	2.5000	10.53	247.5	5.0000	10.65
870	1.5000	10.32	540	2.5000	10.55	255	5.0000	10.655
900	1.5000	10.33	570	2.5000	10.565	262.5	5.0000	10.665
930	1.5000	10.335	600	2.5000	10.585	270	5.0000	10.675
960	1.5000	10.345	630	2.5000	10.6	277.5	5.0000	10.68
990	1.5000	10.36	660	2.5000	10.615	285	5.0000	10.69
1020	1.5000	10.37	690	2.5000	10.635	292.5	5.0000	10.7
1050	1.5000	10.38	720	2.5000	10.65	300	5.0000	10.705
1080	1.5000	10.39	750	2.5000	10.665	307.5	5.0000	10.715
1110	1.5000	10.395	780	2.5000	10.68	315	5.0000	10.725
1140	1.5000	10.41	810	2.5000	10.7	322.5	5.0000	10.73
1170	1.5000	10.42	840	2.5000	10.71	330	5.0000	10.74
1200	1.5000	10.425	870	2.5000	10.725	337.5	5.0000	10.75
1230	1.5000	10.435	900	2.5000	10.74	345	5.0000	10.755
1260	1.5000	10.445	930	2.5000	10.75	352.5	5.0000	10.765
1290	1.5000	10.455	960	2.5000	10.76	360	5.0000	10.77
1320	1.5000	10.465	990	2.5000	10.77	367.5	5.0000	10.775
1350	1.5000	10.475	1020	2.5000	10.78	375	5.0000	10.785
1380	1.5000	10.485	1050	2.5000	10.79	382.5	5.0000	10.79
1410	1.5000	10.495	1080	2.5000	10.795	390	5.0000	10.795
1440	1.5000	10.505	1110	2.5000	10.805	397.5	5.0000	10.8
1470	1.5000	10.51	1140	2.5000	10.81	405	5.0000	10.805
1500	1.5000	10.52	1170	2.5000	10.82	412.5	5.0000	10.815
1530	1.5000	10.53	1200	2.5000	10.825	420	5.0000	10.82
1560	1.5000	10.54	1230	2.5000	10.835	427.5	5.0000	10.82
1590	1.5000	10.55	1260	2.5000	10.845	435	5.0000	10.825
1620	1.5000	10.56	1290	2.5000	10.85	442.5	5.0000	10.83
1650	1.5000	10.57	1320	2.5000	10.855	450	5.0000	10.835
1680	1.5000	10.58	1350	2.5000	10.865	457.5	5.0000	10.84
1710	1.5000	10.59	1380	2.5000	10.875	465	5.0000	10.845
1740	1.5000	10.595	1410	2.5000	10.88	472.5	5.0000	10.85
1770	1.5000	10.605	1440	2.5000	10.885	480	5.0000	10.855
1800	1.5000	10.61	1470	2.5000	10.895	487.5	5.0000	10.855
1830	1.5000	10.615	1500	2.5000	10.9	495	5.0000	10.86
1860	1.5000	10.625	1530	2.5000	10.91	502.5	5.0000	10.865
1890	1.5000	10.63	1560	2.5000	10.915	510	5.0000	10.87
1920	1.5000	10.635	1590	2.5000	10.92	517.5	5.0000	10.875
1950	1.5000	10.645	1620	2.5000	10.93	525	5.0000	10.88
1980	1.5000	10.65	1650	2.5000	10.935	532.5	5.0000	10.885
2010	1.5000	10.655	1680	2.5000	10.945	540	5.0000	10.885
2040	1.5000	10.66	1710	2.5000	10.95	547.5	5.0000	10.89
2070	1.5000	10.665	1740	2.5000	10.96	555	5.0000	10.895
2100	1.5000	10.67	1770	2.5000	10.965	562.5	5.0000	10.9
2130	1.5000	10.67	1800	2.5000	10.97	570	5.0000	10.905
2160	1.5000	10.68	1830	2.5000	10.98	577.5	5.0000	10.91
2190	1.5000	10.685	1860	2.5000	10.985	585	5.0000	10.91
2220	1.5000	10.69	1890	2.5000	10.995	592.5	5.0000	10.915
2250	1.5000	10.695	1920	2.5000	11.005	600	5.0000	10.92
2280	1.5000	10.7	1950	2.5000	11.01	607.5	5.0000	10.92
2310	1.5000	10.705	1980	2.5000	11.015	615	5.0000	10.925
2340	1.5000	10.71	2010	2.5000	11.02	622.5	5.0000	10.93
2370	1.5000	10.715	2040	2.5000	11.03	630	5.0000	10.935
2400	1.5000	10.72	2070	2.5000	11.04	637.5	5.0000	10.94
2430	1.5000	10.725	2100	2.5000	11.05	645	5.0000	10.94
2460	1.5000	10.73	2130	2.5000	11.055	652.5	5.0000	10.945
2490	1.5000	10.735	2160	2.5000	11.06	660	5.0000	10.95
2520	1.5000	10.74	2190	2.5000	11.07	667.5	5.0000	10.95
2550	1.5000	10.74	2220	2.5000	11.08	675	5.0000	10.955
2580	1.5000	10.745	2250	2.5000	11.085	682.5	5.0000	10.96
2610	1.5000	10.75	2280	2.5000	11.095	690	5.0000	10.965
2640	1.5000	10.755	2310	2.5000	11.1	697.5	5.0000	10.965
2670	1.5000	10.76	2340	2.5000	11.11	705	5.0000	10.97
2700	1.5000	10.765	2370	2.5000	11.12	712.5	5.0000	10.975
2730	1.5000	10.77	2400	2.5000	11.13	720	5.0000	10.98
2760	1.5000	10.775	2430	2.5000	11.14	727.5	5.0000	10.98
2790	1.5000	10.775	2460	2.5000	11.145	735	5.0000	10.985
2820	1.5000	10.78	2490	2.5000	11.155	742.5	5.0000	10.99
2850	1.5000	10.785	2520	2.5000	11.165	750	5.0000	10.995
2880	1.5000	10.79	2550	2.5000	11.175	757.5	5.0000	11
2910	1.5000	10.795	2580	2.5000	11.185	765	5.0000	11
2940	1.5000	10.795	2610	2.5000	11.195	772.5	5.0000	11.005
2970	1.5000	10.8	2640	2.5000	11.205	780	5.0000	11.01
3000	1.5000	10.805	2670	2.5000	11.215	787.5	5.0000	11.015
3030	1.5000	10.81	2700	2.5000	11.225	795	5.0000	11.015
3060	1.5000	10.815	2730	2.5000	11.24	802.5	5.0000	11.02
3090	1.5000	10.82	2760	2.5000	11.25	810	5.0000	11.025
3120	1.5000	10.825	2790	2.5000	11.265	817.5	5.0000	11.025
3150	1.5000	10.825	2820	2.5000	11.285	825	5.0000	11.03
3180	1.5000	10.83	2850	2.5000	11.295	832.5	5.0000	11.035
3210	1.5000	10.835	2880	2.5000	11.31	840	5.0000	11.04
3240	1.5000	10.84	2910	2.5000	11.325	847.5	5.0000	11.04
3270	1.5000	10.845	2940	2.5000	11.34	855	5.0000	11.045
3300	1.5000	10.85	2970	2.5000	11.355	862.5	5.0000	11.05
3330	1.5000	10.85	3000	2.5000	11.37	870	5.0000	11.055
3360	1.5000	10.86	3030	2.5000	11.38	877.5	5.0000	11.06
3390	1.5000	10.865	3060	2.5000	11.395	885	5.0000	11.06
3420	1.5000	10.865	3090	2.5000	11.41	892.5	5.0000	11.065
3450	1.5000	10.87	3120	2.5000	11.42	900	5.0000	11.07
3480	1.5000	10.875	3150	2.5000	11.435	907.5	5.0000	11.07
3510	1.5000	10.895	3180	2.5000	11.45	915	5.0000	11.075
3540	1.5000	10.9	3210	2.5000	11.465	922.5	5.0000	11.08
3570	1.5000	10.905	3240	2.5000	11.475	930	5.0000	11.085
3600	1.5000	10.91	3270	2.5000	11.485	937.5	5.0000	11.09
3630	1.5000	10.915	3300	2.5000	11.5	945	5.0000	11.09
3660	1.5000	10.92	3330	2.5000	11.515	952.5	5.0000	11.095
3690	1.5000	10.92	3360	2.5000	11.53	960	5.0000	11.1
3720	1.5000	10.925	3390	2.5000	11.545	967.5	5.0000	11.1
3750	1.5000	10.935	3420	2.5000	11.56	975	5.0000	11.105
3780	1.5000	10.935	3450	2.5000	11.57	982.5	5.0000	11.11
3810	1.5000	10.94	3480	2.5000	11.585	990	5.0000	11.115
3840	1.5000	10.945	3510	2.5000	11.6	997.5	5.0000	11.12
3870	1.5000	10.95	3540	2.5000	11.61	1005	5.0000	11.12
3900	1.5000	10.955	3570	2.5000	11.625	1012.5	5.0000	11.125
3930	1.5000	10.96	3600	2.5000	11.64	1020	5.0000	11.13
3960	1.5000	10.965	3630	2.5000	11.655	1027.5	5.0000	11.135
3990	1.5000	10.97	3660	2.5000	11.665	1035	5.0000	11.14
4020	1.5000	10.97	3690	2.5000	11.68	1042.5	5.0000	11.145
4050	1.5000	10.98	3720	2.5000	11.69	1050	5.0000	11.15
4080	1.5000	10.98	3750	2.5000	11.705	1057.5	5.0000	11.155
4110	1.5000	10.985	3780	2.5000	11.715	1065	5.0000	11.155
4140	1.5000	10.99	3810	2.5000	11.73	1072.5	5.0000	11.16
4170	1.5000	10.995	3840	2.5000	11.745	1080	5.0000	11.165
4200	1.5000	11	3870	2.5000	11.755	1087.5	5.0000	11.17
4230	1.5000	11.005	3900	2.5000	11.77	1095	5.0000	11.175
4260	1.5000	11.01	3930	2.5000	11.78	1102.5	5.0000	11.18
4290	1.5000	11.015	3960	2.5000	11.795	1110	5.0000	11.18
4320	1.5000	11.02	3990	2.5000	11.805	1117.5	5.0000	11.185
4350	1.5000	11.025	4020	2.5000	11.82	1125	5.0000	11.195
4380	1.5000	11.03	4050	2.5000	11.83	1132.5	5.0000	11.195
4410	1.5000	11.035	4080	2.5000	11.84	1140	5.0000	11.2
4440	1.5000	11.04	4110	2.5000	11.855	1147.5	5.0000	11.205
4470	1.5000	11.045	4140	2.5000	11.865	1155	5.0000	11.21
4500	1.5000	11.055	4170	2.5000	11.88	1162.5	5.0000	11.215
4530	1.5000	11.06	4200	2.5000	11.89	1170	5.0000	11.22
4560	1.5000	11.065	4230	2.5000	11.9	1177.5	5.0000	11.225
4590	1.5000	11.07	4260	2.5000	11.915	1185	5.0000	11.225
4620	1.5000	11.075	4290	2.5000	11.925	1192.5	5.0000	11.235
4650	1.5000	11.08	4320	2.5000	11.935	1200	5.0000	11.24
4680	1.5000	11.09	4350	2.5000	11.95	1207.5	5.0000	11.245
4710	1.5000	11.095	4380	2.5000	11.96	1215	5.0000	11.25
4740	1.5000	11.1	4410	2.5000	11.975	1222.5	5.0000	11.255
4770	1.5000	11.105	4440	2.5000	11.99	1230	5.0000	11.255
4800	1.5000	11.115	4470	2.5000	12	1237.5	5.0000	11.265
4830	1.5000	11.12	4500	2.5000	12.015	1245	5.0000	11.27
4860	1.5000	11.125	4530	2.5000	12.025	1252.5	5.0000	11.27
4890	1.5000	11.135	4560	2.5000	12.035	1260	5.0000	11.275
4920	1.5000	11.145	4590	2.5000	12.05	1267.5	5.0000	11.28
4950	1.5000	11.15	4620	2.5000	12.065	1275	5.0000	11.285
4980	1.5000	11.16	4650	2.5000	12.08	1282.5	5.0000	11.295
5010	1.5000	11.17	4680	2.5000	12.095	1290	5.0000	11.3
5040	1.5000	11.18	4710	2.5000	12.11	1297.5	5.0000	11.305
5070	1.5000	11.19	4740	2.5000	12.125	1305	5.0000	11.31
5100	1.5000	11.2	4770	2.5000	12.145	1312.5	5.0000	11.315
5130	1.5000	11.21	4800	2.5000	12.16	1320	5.0000	11.32
5160	1.5000	11.22	4830	2.5000	12.175	1327.5	5.0000	11.325
5190	1.5000	11.235	4860	2.5000	12.19	1335	5.0000	11.33
5220	1.5000	11.245	4890	2.5000	12.205	1342.5	5.0000	11.335
5250	1.5000	11.255	4920	2.5000	12.22	1350	5.0000	11.345
5280	1.5000	11.265	4950	2.5000	12.24	1357.5	5.0000	11.35
5310	1.5000	11.27	4980	2.5000	12.26	1365	5.0000	11.355
5340	1.5000	11.28	5010	2.5000	12.275	1372.5	5.0000	11.36
5370	1.5000	11.29	5040	2.5000	12.295	1380	5.0000	11.365
5400	1.5000	11.3	5055	2.5000	12.3	1387.5	5.0000	11.37
5430	1.5000	11.305	5055	1.5000	12.16	1395	5.0000	11.38
5460	1.5000	11.31	5085	1.5000	12.18	1402.5	5.0000	11.385
5490	1.5000	11.32	5115	1.5000	12.185	1410	5.0000	11.39
5520	1.5000	11.325	5145	1.5000	12.195	1417.5	5.0000	11.395
5550	1.5000	11.335	5175	1.5000	12.2	1425	5.0000	11.405
5580	1.5000	11.345	5205	1.5000	12.205	1432.5	5.0000	11.41
5610	1.5000	11.35	5235	1.5000	12.215	1440	5.0000	11.415
5640	1.5000	11.36	5265	1.5000	12.22	1447.5	5.0000	11.42
5670	1.5000	11.365	5295	1.5000	12.225	1455	5.0000	11.43
5700	1.5000	11.375	5325	1.5000	12.235	1462.5	5.0000	11.435
5730	1.5000	11.38	5355	1.5000	12.24	1470	5.0000	11.44
5760	1.5000	11.39	5385	1.5000	12.245	1477.5	5.0000	11.445
5790	1.5000	11.4	5415	1.5000	12.255	1485	5.0000	11.455
5820	1.5000	11.41	5445	1.5000	12.26	1492.5	5.0000	11.46
5850	1.5000	11.415	5475	1.5000	12.265	1500	5.0000	11.465
5880	1.5000	11.425	5505	1.5000	12.27	1507.5	5.0000	11.475
5910	1.5000	11.43	5535	1.5000	12.28	1515	5.0000	11.48
5940	1.5000	11.44	5565	1.5000	12.29	1522.5	5.0000	11.485
5970	1.5000	11.45	5595	1.5000	12.295	1530	5.0000	11.49
6000	1.5000	11.455	5625	1.5000	12.3	1537.5	5.0000	11.5
6030	1.5000	11.465	0.0	0.0	0.0	1545	5.0000	11.505
6060	1.5000	11.47	0.0	0.0	0.0	1552.5	5.0000	11.515
6090	1.5000	11.48	0.0	0.0	0.0	1560	5.0000	11.52
6120	1.5000	11.49	0.0	0.0	0.0	1567.5	5.0000	11.525
6150	1.5000	11.495	0.0	0.0	0.0	1575	5.0000	11.535
6180	1.5000	11.505	0.0	0.0	0.0	1582.5	5.0000	11.54
6210	1.5000	11.515	0.0	0.0	0.0	1590	5.0000	11.55
6240	1.5000	11.52	0.0	0.0	0.0	1597.5	5.0000	11.555
6270	1.5000	11.53	0.0	0.0	0.0	1605	5.0000	11.56
6300	1.5000	11.535	0.0	0.0	0.0	1612.5	5.0000	11.57
6330	1.5000	11.545	0.0	0.0	0.0	1620	5.0000	11.575
6360	1.5000	11.555	0.0	0.0	0.0	1627.5	5.0000	11.58
6390	1.5000	11.565	0.0	0.0	0.0	1635	5.0000	11.59
6420	1.5000	11.57	0.0	0.0	0.0	1642.5	5.0000	11.595
6450	1.5000	11.575	0.0	0.0	0.0	1650	5.0000	11.605
6480	1.5000	11.585	0.0	0.0	0.0	1657.5	5.0000	11.61
6510	1.5000	11.595	0.0	0.0	0.0	1665	5.0000	11.62
6540	1.5000	11.6	0.0	0.0	0.0	1672.5	5.0000	11.625
6570	1.5000	11.61	0.0	0.0	0.0	1680	5.0000	11.63
6600	1.5000	11.615	0.0	0.0	0.0	1687.5	5.0000	11.64
6630	1.5000	11.62	0.0	0.0	0.0	1695	5.0000	11.645
6660	1.5000	11.63	0.0	0.0	0.0	1702.5	5.0000	11.655
6690	1.5000	11.64	0.0	0.0	0.0	1710	5.0000	11.66
6720	1.5000	11.645	0.0	0.0	0.0	1717.5	5.0000	11.665
6750	1.5000	11.655	0.0	0.0	0.0	1725	5.0000	11.675
6780	1.5000	11.66	0.0	0.0	0.0	1732.5	5.0000	11.68
6810	1.5000	11.67	0.0	0.0	0.0	1740	5.0000	11.685
6840	1.5000	11.675	0.0	0.0	0.0	1747.5	5.0000	11.695
6870	1.5000	11.685	0.0	0.0	0.0	1755	5.0000	11.7
6900	1.5000	11.69	0.0	0.0	0.0	1762.5	5.0000	11.71
6930	1.5000	11.7	0.0	0.0	0.0	1770	5.0000	11.715
6960	1.5000	11.705	0.0	0.0	0.0	1777.5	5.0000	11.72
6990	1.5000	11.715	0.0	0.0	0.0	1785	5.0000	11.73
7020	1.5000	11.72	0.0	0.0	0.0	1792.5	5.0000	11.735
7050	1.5000	11.73	0.0	0.0	0.0	1800	5.0000	11.74
7080	1.5000	11.735	0.0	0.0	0.0	1807.5	5.0000	11.75
7110	1.5000	11.74	0.0	0.0	0.0	1815	5.0000	11.755
7140	1.5000	11.75	0.0	0.0	0.0	1822.5	5.0000	11.76
7170	1.5000	11.755	0.0	0.0	0.0	1830	5.0000	11.77
7200	1.5000	11.765	0.0	0.0	0.0	1837.5	5.0000	11.775
7230	1.5000	11.77	0.0	0.0	0.0	1845	5.0000	11.78
7260	1.5000	11.775	0.0	0.0	0.0	1852.5	5.0000	11.79
7290	1.5000	11.78	0.0	0.0	0.0	1860	5.0000	11.795
7320	1.5000	11.79	0.0	0.0	0.0	1867.5	5.0000	11.8
7350	1.5000	11.795	0.0	0.0	0.0	1875	5.0000	11.81
7380	1.5000	11.8	0.0	0.0	0.0	1882.5	5.0000	11.815
7410	1.5000	11.81	0.0	0.0	0.0	1890	5.0000	11.82
7440	1.5000	11.815	0.0	0.0	0.0	1897.5	5.0000	11.825
7470	1.5000	11.825	0.0	0.0	0.0	1905	5.0000	11.835
7500	1.5000	11.83	0.0	0.0	0.0	1912.5	5.0000	11.84
7530	1.5000	11.84	0.0	0.0	0.0	1920	5.0000	11.85
7560	1.5000	11.845	0.0	0.0	0.0	1927.5	5.0000	11.855
7590	1.5000	11.85	0.0	0.0	0.0	1935	5.0000	11.86
7620	1.5000	11.86	0.0	0.0	0.0	1942.5	5.0000	11.865
7650	1.5000	11.865	0.0	0.0	0.0	1950	5.0000	11.87
7680	1.5000	11.875	0.0	0.0	0.0	1957.5	5.0000	11.88
7710	1.5000	11.885	0.0	0.0	0.0	1965	5.0000	11.885
7740	1.5000	11.89	0.0	0.0	0.0	1972.5	5.0000	11.89
7770	1.5000	11.895	0.0	0.0	0.0	1980	5.0000	11.9
7800	1.5000	11.905	0.0	0.0	0.0	1987.5	5.0000	11.905
7830	1.5000	11.91	0.0	0.0	0.0	1995	5.0000	11.91
7860	1.5000	11.92	0.0	0.0	0.0	2002.5	5.0000	11.915
7890	1.5000	11.93	0.0	0.0	0.0	2010	5.0000	11.925
7920	1.5000	11.935	0.0	0.0	0.0	2017.5	5.0000	11.93
7950	1.5000	11.945	0.0	0.0	0.0	2025	5.0000	11.935
7980	1.5000	11.95	0.0	0.0	0.0	2032.5	5.0000	11.94
8010	1.5000	11.96	0.0	0.0	0.0	2040	5.0000	11.95
8040	1.5000	11.97	0.0	0.0	0.0	2047.5	5.0000	11.955
8070	1.5000	11.975	0.0	0.0	0.0	2055	5.0000	11.96
8100	1.5000	11.985	0.0	0.0	0.0	2062.5	5.0000	11.965
8130	1.5000	11.995	0.0	0.0	0.0	2070	5.0000	11.97
8160	1.5000	12.005	0.0	0.0	0.0	2077.5	5.0000	11.98
8190	1.5000	12.015	0.0	0.0	0.0	2085	5.0000	11.985
8220	1.5000	12.02	0.0	0.0	0.0	2092.5	5.0000	11.995
8250	1.5000	12.03	0.0	0.0	0.0	2100	5.0000	12
8280	1.5000	12.04	0.0	0.0	0.0	2107.5	5.0000	12.005
8310	1.5000	12.045	0.0	0.0	0.0	2115	5.0000	12.01
8340	1.5000	12.055	0.0	0.0	0.0	2122.5	5.0000	12.015
8370	1.5000	12.065	0.0	0.0	0.0	2130	5.0000	12.025
8400	1.5000	12.075	0.0	0.0	0.0	2137.5	5.0000	12.03
8430	1.5000	12.085	0.0	0.0	0.0	2145	5.0000	12.035
8460	1.5000	12.095	0.0	0.0	0.0	2152.5	5.0000	12.045
8490	1.5000	12.105	0.0	0.0	0.0	2160	5.0000	12.05
8520	1.5000	12.12	0.0	0.0	0.0	2167.5	5.0000	12.055
8550	1.5000	12.14	0.0	0.0	0.0	2175	5.0000	12.065
8580	1.5000	12.145	0.0	0.0	0.0	2182.5	5.0000	12.07
8610	1.5000	12.155	0.0	0.0	0.0	2190	5.0000	12.075
8640	1.5000	12.165	0.0	0.0	0.0	2197.5	5.0000	12.085
8670	1.5000	12.175	0.0	0.0	0.0	2205	5.0000	12.09
8700	1.5000	12.185	0.0	0.0	0.0	2212.5	5.0000	12.1
8730	1.5000	12.2	0.0	0.0	0.0	2220	5.0000	12.105
8760	1.5000	12.205	0.0	0.0	0.0	2227.5	5.0000	12.11
8790	1.5000	12.22	0.0	0.0	0.0	2235	5.0000	12.115
8820	1.5000	12.23	0.0	0.0	0.0	2242.5	5.0000	12.125
8850	1.5000	12.24	0.0	0.0	0.0	2250	5.0000	12.13
8880	1.5000	12.25	0.0	0.0	0.0	2257.5	5.0000	12.14
8910	1.5000	12.26	0.0	0.0	0.0	2265	5.0000	12.15
8940	1.5000	12.27	0.0	0.0	0.0	2272.5	5.0000	12.155
8970	1.5000	12.28	0.0	0.0	0.0	2280	5.0000	12.16
9000	1.5000	12.29	0.0	0.0	0.0	2287.5	5.0000	12.17
9030	1.5000	12.3	0.0	0.0	0.0	2295	5.0000	12.175
9030	1.0000	12.225	0.0	0.0	0.0	2302.5	5.0000	12.185
9060	1.0000	12.24	0.0	0.0	0.0	2310	5.0000	12.195
9090	1.0000	12.265	0.0	0.0	0.0	2317.5	5.0000	12.2
9120	1.0000	12.27	0.0	0.0	0.0	2325	5.0000	12.21
9150	1.0000	12.275	0.0	0.0	0.0	2332.5	5.0000	12.215
9180	1.0000	12.28	0.0	0.0	0.0	2340	5.0000	12.225
9210	1.0000	12.29	0.0	0.0	0.0	2347.5	5.0000	12.23
9240	1.0000	12.295	0.0	0.0	0.0	2355	5.0000	12.24
9270	1.0000	12.3	0.0	0.0	0.0	2362.5	5.0000	12.25
0.0	0.0	0.0	0.0	0.0	0.0	2370	5.0000	12.26
0.0	0.0	0.0	0.0	0.0	0.0	2377.5	5.0000	12.265
0.0	0.0	0.0	0.0	0.0	0.0	2385	5.0000	12.275
0.0	0.0	0.0	0.0	0.0	0.0	2392.5	5.0000	12.285
0.0	0.0	0.0	0.0	0.0	0.0	2400	5.0000	12.29
0.0	0.0	0.0	0.0	0.0	0.0	2407.5	5.0000	12.3
0.0	0.0	0.0	0.0	0.0	0.0	2415	5.0000	12.31
0.0	0.0	0.0	0.0	0.0	0.0	2422.5	5.0000	12.315
0.0	0.0	0.0	0.0	0.0	0.0	2430	2.5000	12.19
0.0	0.0	0.0	0.0	0.0	0.0	2437.5	2.5000	12.18
0.0	0.0	0.0	0.0	0.0	0.0	2445	2.5000	12.175
0.0	0.0	0.0	0.0	0.0	0.0	2452.5	2.5000	12.175
0.0	0.0	0.0	0.0	0.0	0.0	2460	2.5000	12.175
0.0	0.0	0.0	0.0	0.0	0.0	2467.5	2.5000	12.18
0.0	0.0	0.0	0.0	0.0	0.0	2475	2.5000	12.185
0.0	0.0	0.0	0.0	0.0	0.0	2482.5	2.5000	12.185
0.0	0.0	0.0	0.0	0.0	0.0	2490	2.5000	12.19
0.0	0.0	0.0	0.0	0.0	0.0	2497.5	2.5000	12.19
0.0	0.0	0.0	0.0	0.0	0.0	2505	2.5000	12.195
0.0	0.0	0.0	0.0	0.0	0.0	2512.5	2.5000	12.2
0.0	0.0	0.0	0.0	0.0	0.0	2520	2.5000	12.205
0.0	0.0	0.0	0.0	0.0	0.0	2527.5	2.5000	12.205
0.0	0.0	0.0	0.0	0.0	0.0	2535	2.5000	12.21
0.0	0.0	0.0	0.0	0.0	0.0	2542.5	2.5000	12.215
0.0	0.0	0.0	0.0	0.0	0.0	2550	2.5000	12.22
0.0	0.0	0.0	0.0	0.0	0.0	2557.5	2.5000	12.225
0.0	0.0	0.0	0.0	0.0	0.0	2565	2.5000	12.225
0.0	0.0	0.0	0.0	0.0	0.0	2572.5	2.5000	12.23
0.0	0.0	0.0	0.0	0.0	0.0	2580	2.5000	12.235
0.0	0.0	0.0	0.0	0.0	0.0	2587.5	2.5000	12.24
0.0	0.0	0.0	0.0	0.0	0.0	2595	2.5000	12.245
0.0	0.0	0.0	0.0	0.0	0.0	2602.5	2.5000	12.25
0.0	0.0	0.0	0.0	0.0	0.0	2610	2.5000	12.255
0.0	0.0	0.0	0.0	0.0	0.0	2617.5	2.5000	12.26
0.0	0.0	0.0	0.0	0.0	0.0	2625	2.5000	12.26
0.0	0.0	0.0	0.0	0.0	0.0	2632.5	2.5000	12.265
0.0	0.0	0.0	0.0	0.0	0.0	2640	2.5000	12.27
0.0	0.0	0.0	0.0	0.0	0.0	2647.5	2.5000	12.275
0.0	0.0	0.0	0.0	0.0	0.0	2655	2.5000	12.28
0.0	0.0	0.0	0.0	0.0	0.0	2662.5	2.5000	12.28
0.0	0.0	0.0	0.0	0.0	0.0	2670	2.5000	12.285
0.0	0.0	0.0	0.0	0.0	0.0	2677.5	2.5000	12.29
0.0	0.0	0.0	0.0	0.0	0.0	2685	2.5000	12.295
0.0	0.0	0.0	0.0	0.0	0.0	2692.5	2.5000	12.3
0.0	0.0	0.0	0.0	0.0	0.0	2700	2.5000	12.305
0.0	0.0	0.0	0.0	0.0	0.0	2707.5	1.5000	12.25
0.0	0.0	0.0	0.0	0.0	0.0	2715	1.5000	12.25
0.0	0.0	0.0	0.0	0.0	0.0	2722.5	1.5000	12.25
0.0	0.0	0.0	0.0	0.0	0.0	2730	1.5000	12.25
0.0	0.0	0.0	0.0	0.0	0.0	2737.5	1.5000	12.25
0.0	0.0	0.0	0.0	0.0	0.0	2745	1.5000	12.255
0.0	0.0	0.0	0.0	0.0	0.0	2752.5	1.5000	12.255
0.0	0.0	0.0	0.0	0.0	0.0	2760	1.5000	12.255
0.0	0.0	0.0	0.0	0.0	0.0	2767.5	1.5000	12.26
0.0	0.0	0.0	0.0	0.0	0.0	2775	1.5000	12.26
0.0	0.0	0.0	0.0	0.0	0.0	2782.5	1.5000	12.26
0.0	0.0	0.0	0.0	0.0	0.0	2790	1.5000	12.265
0.0	0.0	0.0	0.0	0.0	0.0	2797.5	1.5000	12.265
0.0	0.0	0.0	0.0	0.0	0.0	2805	1.5000	12.27
0.0	0.0	0.0	0.0	0.0	0.0	2812.5	1.5000	12.27
0.0	0.0	0.0	0.0	0.0	0.0	2820	1.5000	12.27
0.0	0.0	0.0	0.0	0.0	0.0	2827.5	1.5000	12.275
0.0	0.0	0.0	0.0	0.0	0.0	2835	1.5000	12.275
0.0	0.0	0.0	0.0	0.0	0.0	2842.5	1.5000	12.28
0.0	0.0	0.0	0.0	0.0	0.0	2850	1.5000	12.28
0.0	0.0	0.0	0.0	0.0	0.0	2857.5	1.5000	12.28
0.0	0.0	0.0	0.0	0.0	0.0	2865	1.5000	12.285
0.0	0.0	0.0	0.0	0.0	0.0	2872.5	1.5000	12.285
0.0	0.0	0.0	0.0	0.0	0.0	2880	1.5000	12.29
0.0	0.0	0.0	0.0	0.0	0.0	2887.5	1.5000	12.29
0.0	0.0	0.0	0.0	0.0	0.0	2895	1.5000	12.295
0.0	0.0	0.0	0.0	0.0	0.0	2902.5	1.5000	12.295
0.0	0.0	0.0	0.0	0.0	0.0	2910	1.5000	12.3
0.0	0.0	0.0	0.0	0.0	0.0	2917.5	1.5000	12.3
0.0	0.0	0.0	0.0	0.0	0.0	2925	1.5000	12.305
0.0	0.0	0.0	0.0	0.0	0.0	2932.5	0.0000	12.225
